2410
0.01 0.01 -0.05955983808095974
0.01 0.02 -0.09391081897508144
0.01 0.03 -0.1226521934826666
0.01 0.04 -0.1485530299536374
0.01 0.05 -0.1726358215535556
0.01 0.06 -0.19539152951177352
0.01 0.07 -0.21709121789182562
0.01 0.08 -0.23789773474478193
0.01 0.09 -0.25791414145028224
0.01 0.1 -0.27720754825826377
0.01 0.11 -0.29582196114219617
0.01 0.12 -0.3137856940189724
0.01 0.13 -0.33111587437292656
0.01 0.14 -0.3478212935076115
0.01 0.15 -0.3639042633186398
0.01 0.16 -0.379361849123102
0.01 0.17 -0.3941866941326382
0.01 0.18 -0.40836756587780265
0.01 0.19 -0.42188970550457916
0.01 0.2 -0.4347350310753706
0.01 0.21 -0.4468822273099007
0.01 0.22 -0.4583067419563712
0.01 0.23 -0.4689807005507366
0.01 0.24 -0.4788727451327468
0.01 0.25 -0.4879477975565849
0.01 0.26 -0.496166743694181
0.01 0.27 -0.5034860305757095
0.01 0.28 -0.5098571639002639
0.01 0.29 -0.5152260879195975
0.01 0.3 -0.519532422896291
0.01 0.31 -0.5227085264290139
0.01 0.32 -0.5246783328730252
0.01 0.33 -0.5253559083006211
0.01 0.34 -0.5246436345336494
0.01 0.35 -0.5224299009108275
0.01 0.36 -0.5185861303699841
0.01 0.37 -0.5129628865860243
0.01 0.38 -0.5053846829342764
0.01 0.39 -0.49564290868595984
0.01 0.4 -0.48348594021809643
0.01 0.41 -0.46860489015508944
0.01 0.42 -0.4506123016001711
0.01 0.43 -0.42900882065818935
0.01 0.44 -0.40312800138462024
0.01 0.45 -0.37203783466668616
0.01 0.46 -0.334346323978729
0.01 0.47 -0.2877565377618754
0.01 0.48 -0.22777155553352568
0.01 0.49 -0.14144054254182048
0.02 0.01 -0.0743601199598565
0.02 0.02 -0.11820877114824682
0.02 0.03 -0.15392404693161843
0.02 0.04 -0.18530777764480977
0.02 0.05 -0.2138842163806064
0.02 0.06 -0.2404267555968529
0.02 0.07 -0.265381285333941
0.02 0.08 -0.2890263501566632
0.02 0.09 -0.3115454651531011
0.02 0.1 -0.33306385470730593
0.02 0.11 -0.3536687738968449
0.02 0.12 -0.3734214954022145
0.02 0.13 -0.39236474211373285
0.02 0.14 -0.4105274796329754
0.02 0.15 -0.4279281013647449
0.02 0.16 -0.4445765928152373
0.02 0.17 -0.4604760227583937
0.02 0.18 -0.4756235746010421
0.02 0.19 -0.4900112525132556
0.02 0.2 -0.5036263489129758
0.02 0.21 -0.5164517295840454
0.02 0.22 -0.5284659728209814
0.02 0.23 -0.5396433853717705
0.02 0.24 -0.5499539081019775
0.02 0.25 -0.5593629166660632
0.02 0.26 -0.5678309159947985
0.02 0.27 -0.5753131213130468
0.02 0.28 -0.5817589120273329
0.02 0.29 -0.5871111375022083
0.02 0.3 -0.5913052446984461
0.02 0.31 -0.5942681858455048
0.02 0.32 -0.5959170482976665
0.02 0.33 -0.5961573262722782
0.02 0.34 -0.5948807218483987
0.02 0.35 -0.5919623148694133
0.02 0.36 -0.5872568690264222
0.02 0.37 -0.5805939285696566
0.02 0.38 -0.571771178620929
0.02 0.39 -0.5605452396917834
0.02 0.4 -0.5466185422557674
0.02 0.41 -0.529619971889673
0.02 0.42 -0.5090751340203261
0.02 0.43 -0.4843582816702907
0.02 0.44 -0.45460936884251824
0.02 0.45 -0.4185780354312747
0.02 0.46 -0.3742926181253299
0.02 0.47 -0.31821753573539535
0.02 0.48 -0.2422921890824147
0.03 0.01 -0.08386405297072894
0.03 0.02 -0.13469313753091447
0.03 0.03 -0.1758981267945855
0.03 0.04 -0.21178263038327294
0.03 0.05 -0.24415335375809366
0.03 0.06 -0.273958538483439
0.03 0.07 -0.3017597964727373
0.03 0.08 -0.3279161538634656
0.03 0.09 -0.35266927056411623
0.03 0.1 -0.37618765393774667
0.03 0.11 -0.3985915553142707
0.03 0.12 -0.4199678843778768
0.03 0.13 -0.44037958460241344
0.03 0.14 -0.45987175475147923
0.03 0.15 -0.47847576624040156
0.03 0.16 -0.49621209507690056
0.03 0.17 -0.5130922990983
0.03 0.18 -0.5291204075229542
0.03 0.19 -0.5442938928918515
0.03 0.2 -0.5586043359007407
0.03 0.21 -0.5720378556921977
0.03 0.22 -0.5845753531280461
0.03 0.23 -0.5961925973173415
0.03 0.24 -0.6068601731694132
0.03 0.25 -0.6165432980342147
0.03 0.26 -0.625201507268726
0.03 0.27 -0.632788200844219
0.03 0.28 -0.6392500350370652
0.03 0.29 -0.6445261339630012
0.03 0.3 -0.6485470841964114
0.03 0.31 -0.6512336605926181
0.03 0.32 -0.6524952107231262
0.03 0.33 -0.6522275960291436
0.03 0.34 -0.650310545133101
0.03 0.35 -0.6466042109316621
0.03 0.36 -0.6409446249715827
0.03 0.37 -0.633137587187153
0.03 0.38 -0.62295027460468
0.03 0.39 -0.610099419943237
0.03 0.4 -0.5942341424160824
0.03 0.41 -0.5749100750775757
0.03 0.42 -0.5515485699049962
0.03 0.43 -0.5233686060350582
0.03 0.44 -0.489264438022077
0.03 0.45 -0.44756270144501653
0.03 0.46 -0.395465747164647
0.03 0.47 -0.3274449191544764
0.03 0.48 -0.2277715555335253
0.04 0.01 -0.09085088162175806
0.04 0.02 -0.14717635301317863
0.04 0.03 -0.19288908511457326
0.04 0.04 -0.2325751601409879
0.04 0.05 -0.2682161547668813
0.04 0.06 -0.3008760566421277
0.04 0.07 -0.3311969858277507
0.04 0.08 -0.35959614251437455
0.04 0.09 -0.3863585018208514
0.04 0.1 -0.41168560298718004
0.04 0.11 -0.4357233738234263
0.04 0.12 -0.45857898846071
0.04 0.13 -0.4803315724120716
0.04 0.14 -0.5010392570800393
0.04 0.15 -0.520743965632692
0.04 0.16 -0.5394747320502308
0.04 0.17 -0.557250037783916
0.04 0.18 -0.5740794686013385
0.04 0.19 -0.5899648856649657
0.04 0.2 -0.6049012377113303
0.04 0.21 -0.6188770981268255
0.04 0.22 -0.6318749820746005
0.04 0.23 -0.6438714789656956
0.04 0.24 -0.6548372210493665
0.04 0.25 -0.6647366975234639
0.04 0.26 -0.6735279138253052
0.04 0.27 -0.6811618865028055
0.04 0.28 -0.6875819542639998
0.04 0.29 -0.6927228743912318
0.04 0.3 -0.6965096593800336
0.04 0.31 -0.6988560896422118
0.04 0.32 -0.6996628117829721
0.04 0.33 -0.6988148942840174
0.04 0.34 -0.6961786569196369
0.04 0.35 -0.6915975061522612
0.04 0.36 -0.6848863776568965
0.04 0.37 -0.6758241762099269
0.04 0.38 -0.6641432517084249
0.04 0.39 -0.6495143402853041
0.04 0.4 -0.6315242903981952
0.04 0.41 -0.6096417600957664
0.04 0.42 -0.5831616768270376
0.04 0.43 -0.5511093937060332
0.04 0.44 -0.5120607934700387
0.04 0.45 -0.4637628289745954
0.04 0.46 -0.40217919020227266
0.04 0.47 -0.31821753573539535
0.05 0.01 -0.0963538005490018
0.05 0.02 -0.15719383401622475
0.05 0.03 -0.20671526329496448
0.05 0.04 -0.24967906295344733
0.05 0.05 -0.2881825788813043
0.05 0.06 -0.32337033223531975
0.05 0.07 -0.3559426449939075
0.05 0.08 -0.3863600632443458
0.05 0.09 -0.414940627857341
0.05 0.1 -0.441911592041784
0.05 0.11 -0.4674391896523795
0.05 0.12 -0.491646823144949
0.05 0.13 -0.5146267023242943
0.05 0.14 -0.5364475681671146
0.05 0.15 -0.5571599667531937
0.05 0.16 -0.5767999288637776
0.05 0.17 -0.5953915752868
0.05 0.18 -0.6129489744267079
0.05 0.19 -0.6294774627004389
0.05 0.2 -0.6449745659007635
0.05 0.21 -0.6594306130706742
0.05 0.22 -0.6728291032105592
0.05 0.23 -0.6851468633148705
0.05 0.24 -0.6963540201174139
0.05 0.25 -0.7064137951278959
0.05 0.26 -0.715282121399258
0.05 0.27 -0.7229070696681248
0.05 0.28 -0.7292280598621323
0.05 0.29 -0.7341748201675923
0.05 0.3 -0.7376660382633641
0.05 0.31 -0.7396076256671245
0.05 0.32 -0.7398904829912262
0.05 0.33 -0.7383876059079332
0.05 0.34 -0.7349503000573101
0.05 0.35 -0.7294031633103675
0.05 0.36 -0.7215373201217787
0.05 0.37 -0.7111011088028629
0.05 0.38 -0.6977869407755384
0.05 0.39 -0.6812121972044135
0.05 0.4 -0.6608904366953982
0.05 0.41 -0.6361860324016408
0.05 0.42 -0.6062386119161455
0.05 0.43 -0.5698278080802284
0.05 0.44 -0.5251064833780219
0.05 0.45 -0.4689955935892812
0.05 0.46 -0.395465747164647
0.05 0.47 -0.28775653776187543
0.06 0.01 -0.1008750359757398
0.06 0.02 -0.16553073658253545
0.06 0.03 -0.2183371772920465
0.06 0.04 -0.264171123994467
0.06 0.05 -0.3052104802987837
0.06 0.06 -0.3426579958540825
0.06 0.07 -0.3772573677681672
0.06 0.08 -0.4095022401115248
0.06 0.09 -0.4397364033483476
0.06 0.1 -0.46820745620862536
0.06 0.11 -0.4950979047351656
0.06 0.12 -0.5205442845527207
0.06 0.13 -0.5446494696686681
0.06 0.14 -0.5674908852226388
0.06 0.15 -0.5891261430045589
0.06 0.16 -0.6095969909347602
0.06 0.17 -0.6289321206163523
0.06 0.18 -0.647149176051925
0.06 0.19 -0.6642561853967036
0.06 0.2 -0.6802525617765702
0.06 0.21 -0.6951297700120112
0.06 0.22 -0.7088717229450474
0.06 0.23 -0.7214549476991139
0.06 0.24 -0.7328485447415618
0.06 0.25 -0.7430139485316505
0.06 0.26 -0.7519044860178263
0.06 0.27 -0.7594647168367938
0.06 0.28 -0.7656295253731531
0.06 0.29 -0.7703229182918262
0.06 0.3 -0.7734564597168047
0.06 0.31 -0.7749272469827535
0.06 0.32 -0.7746152883897083
0.06 0.33 -0.7723800835742888
0.06 0.34 -0.7680561152952499
0.06 0.35 -0.7614468186474614
0.06 0.36 -0.7523163645581321
0.06 0.37 -0.7403782135266626
0.06 0.38 -0.7252787366807942
0.06 0.39 -0.7065730071002204
0.06 0.4 -0.6836875769391874
0.06 0.41 -0.6558603688524169
0.06 0.42 -0.6220373635861515
0.06 0.43 -0.5806798062268259
0.06 0.44 -0.5293608652873647
0.06 0.45 -0.4637628289745951
0.06 0.46 -0.3742926181253299
0.07 0.01 -0.10469752235339128
0.07 0.02 -0.17264536013057605
0.07 0.03 -0.22832940126502022
0.07 0.04 -0.2767069924959629
0.07 0.05 -0.3200142912840074
0.07 0.06 -0.3594974502718724
0.07 0.07 -0.3959332952368655
0.07 0.08 -0.4298412537178694
0.07 0.09 -0.4615854991889189
0.07 0.1 -0.49142994416581365
0.07 0.11 -0.5195702741458004
0.07 0.12 -0.5461537406090397
0.07 0.13 -0.5712919595472596
0.07 0.14 -0.5950694867494579
0.07 0.15 -0.6175497243317551
0.07 0.16 -0.6387790738170943
0.07 0.17 -0.6587898964221071
0.07 0.18 -0.6776026351013564
0.07 0.19 -0.6952273281555993
0.07 0.2 -0.7116646658434835
0.07 0.21 -0.726906690362386
0.07 0.22 -0.7409372049267944
0.07 0.23 -0.7537319330303427
0.07 0.24 -0.7652584503214523
0.07 0.25 -0.7754758961938684
0.07 0.26 -0.7843344582531631
0.07 0.27 -0.7917746086459994
0.07 0.28 -0.7977260552184076
0.07 0.29 -0.802106350707286
0.07 0.3 -0.8048190771257829
0.07 0.31 -0.8057514864628978
0.07 0.32 -0.8047714270217262
0.07 0.33 -0.8017233078575855
0.07 0.34 -0.7964227362334193
0.07 0.35 -0.7886492776542053
0.07 0.36 -0.7781364858994053
0.07 0.37 -0.7645578392852472
0.07 0.38 -0.74750631664188
0.07 0.39 -0.7264636697513044
0.07 0.4 -0.7007521399020792
0.07 0.41 -0.6694543290688386
0.07 0.42 -0.6312704817872657
0.07 0.43 -0.5842388116428554
0.07 0.44 -0.5251064833780215
0.07 0.45 -0.4475627014450162
0.07 0.46 -0.3343463239787281
0.08 0.01 -0.10799662948600822
0.08 0.02 -0.17882935448682888
0.08 0.03 -0.23706466589177017
0.08 0.04 -0.2877181885041308
0.08 0.05 -0.3330695093530601
0.08 0.06 -0.37439793898351603
0.08 0.07 -0.41250611887255595
0.08 0.08 -0.4479338951935008
0.08 0.09 -0.4810617946826523
0.08 0.1 -0.5121669531736528
0.08 0.11 -0.5414558208963254
0.08 0.12 -0.5690844459435859
0.08 0.13 -0.5951716362077577
0.08 0.14 -0.6198078067131294
0.08 0.15 -0.6430610909808453
0.08 0.16 -0.6649816483256892
0.08 0.17 -0.6856047392599389
0.08 0.18 -0.7049529315657398
0.08 0.19 -0.7230376723531278
0.08 0.2 -0.7398603811978937
0.08 0.21 -0.7554131669281036
0.08 0.22 -0.7696792347728768
0.08 0.23 -0.782633024828607
0.08 0.24 -0.7942401030121284
0.08 0.25 -0.8044568090811115
0.08 0.26 -0.8132296508315615
0.08 0.27 -0.8204944174245709
0.08 0.28 -0.826174966073428
0.08 0.29 -0.8301816127434498
0.08 0.3 -0.8324090259119596
0.08 0.31 -0.8327334780681388
0.08 0.32 -0.8310092450323615
0.08 0.33 -0.8270638460742448
0.08 0.34 -0.8206916673110323
0.08 0.35 -0.8116452700375536
0.08 0.36 -0.7996232865133326
0.08 0.37 -0.7842531174311367
0.08 0.38 -0.7650654020902258
0.08 0.39 -0.7414548598507679
0.08 0.4 -0.7126172606788252
0.08 0.41 -0.6774415437644198
0.08 0.42 -0.6343095546405666
0.08 0.43 -0.5806798062268265
0.08 0.44 -0.5120607934700381
0.08 0.45 -0.41857803543127503
0.09 0.01 -0.1108886424492618
0.09 0.02 -0.1842800911015748
0.09 0.03 -0.24479913803999637
0.09 0.04 -0.297504862995687
0.09 0.05 -0.34471003876427553
0.09 0.06 -0.3877198222767678
0.09 0.07 -0.4273573075195679
0.09 0.08 -0.4641787314170067
0.09 0.09 -0.49857788562093597
0.09 0.1 -0.5308427169830825
0.09 0.11 -0.5611885239988588
0.09 0.12 -0.5897786044831931
0.09 0.13 -0.6167376905029254
0.09 0.14 -0.6421610016744743
0.09 0.15 -0.666120512098264
0.09 0.16 -0.6886693744001011
0.09 0.17 -0.7098450811335313
0.09 0.18 -0.729671731702399
0.09 0.19 -0.7481616438891561
0.09 0.2 -0.7653164674355399
0.09 0.21 -0.7811279034277312
0.09 0.22 -0.7955780963342632
0.09 0.23 -0.8086397387514611
0.09 0.24 -0.8202759079990627
0.09 0.25 -0.8304396357822197
0.09 0.26 -0.8390731949643602
0.09 0.27 -0.8461070690566542
0.09 0.28 -0.8514585481276528
0.09 0.29 -0.8550298666790178
0.09 0.3 -0.8567057606549053
0.09 0.31 -0.8563502661004792
0.09 0.32 -0.8538025013504197
0.09 0.33 -0.8488710518089752
0.09 0.34 -0.8413263833208124
0.09 0.35 -0.830890396324997
0.09 0.36 -0.8172217035685934
0.09 0.37 -0.7998942820008024
0.09 0.38 -0.7783654236530262
0.09 0.39 -0.7519255161956722
0.09 0.4 -0.7196149929768649
0.09 0.41 -0.6800770457282793
0.09 0.42 -0.6312704817872659
0.09 0.43 -0.5698278080802287
0.09 0.44 -0.4892644380220772
0.09 0.45 -0.3720378346666865
0.1 0.01 -0.11345465289945714
0.1 0.02 -0.18913746282722507
0.1 0.03 -0.2517167010066666
0.1 0.04 -0.3062846595103351
0.1 0.05 -0.35517998675264295
0.1 0.06 -0.3997283244052957
0.1 0.07 -0.4407691928303029
0.1 0.08 -0.47887213334400536
0.1 0.09 -0.5144417924797398
0.1 0.1 -0.5477750142319919
0.1 0.11 -0.5790944014465915
0.1 0.12 -0.6085692373642099
0.1 0.13 -0.6363291275529159
0.1 0.14 -0.6624732100108186
0.1 0.15 -0.6870765403276854
0.1 0.16 -0.7101946035142634
0.1 0.17 -0.7318665384278482
0.1 0.18 -0.7521174468212123
0.1 0.19 -0.7709600285830072
0.1 0.2 -0.7883957019713084
0.1 0.21 -0.8044153129561413
0.1 0.22 -0.8189994999276603
0.1 0.23 -0.8321187522190229
0.1 0.24 -0.8437331788042466
0.1 0.25 -0.8537919841363801
0.1 0.26 -0.86223262898193
0.1 0.27 -0.8689796330026086
0.1 0.28 -0.8739429501425747
0.1 0.29 -0.8770158141801655
0.1 0.3 -0.8780719051126382
0.1 0.31 -0.8769616195980459
0.1 0.32 -0.8735071278158096
0.1 0.33 -0.8674957433417937
0.1 0.34 -0.8586708841025001
0.1 0.35 -0.8467194916877696
0.1 0.36 -0.8312540697752326
0.1 0.37 -0.8117862298130343
0.1 0.38 -0.7876862105866722
0.1 0.39 -0.7581179125062067
0.1 0.4 -0.7219280948873619
0.1 0.41 -0.6774415437644205
0.1 0.42 -0.6220373635861514
0.1 0.43 -0.5511093937060331
0.1 0.44 -0.45460936884251857
0.11 0.01 -0.11575346755590724
0.11 0.02 -0.19350427287675817
0.11 0.03 -0.25795392488662233
0.11 0.04 -0.3142206191410787
0.11 0.05 -0.36466351948153586
0.11 0.06 -0.4106247278302152
0.11 0.07 -0.45295710642987774
0.11 0.08 -0.4922410930760579
0.11 0.09 -0.5288902777303586
0.11 0.1 -0.5632088603905159
0.11 0.11 -0.595425487149521
0.11 0.12 -0.6257143796885009
0.11 0.13 -0.6542091351443191
0.11 0.14 -0.6810120557918684
0.11 0.15 -0.7062006236212318
0.11 0.16 -0.7298320771605937
0.11 0.17 -0.7519466804285961
0.11 0.18 -0.7725700586394867
0.11 0.19 -0.7917148437335084
0.11 0.2 -0.809381789096068
0.11 0.21 -0.8255604572554649
0.11 0.22 -0.8402295455702048
0.11 0.23 -0.8533568860667019
0.11 0.24 -0.8648991322239219
0.11 0.25 -0.874801124450981
0.11 0.26 -0.8829949046477521
0.11 0.27 -0.889398325978397
0.11 0.28 -0.8939131737359182
0.11 0.29 -0.8964226727184069
0.11 0.3 -0.896788199574714
0.11 0.31 -0.8948449351076391
0.11 0.32 -0.89039606494855
0.11 0.33 -0.883204938692718
0.11 0.34 -0.8729842760815933
0.11 0.35 -0.8593809677465845
0.11 0.36 -0.8419540676515889
0.11 0.37 -0.8201418191528214
0.11 0.38 -0.793210113408168
0.11 0.39 -0.7601675029619653
0.11 0.4 -0.7196149929768654
0.11 0.41 -0.6694543290688386
0.11 0.42 -0.6062386119161458
0.11 0.43 -0.523368606035059
0.11 0.44 -0.40312800138462024
0.12 0.01 -0.11782908869096467
0.12 0.02 -0.19745829673992807
0.12 0.03 -0.263615063128899
0.12 0.04 -0.3214381280731874
0.12 0.05 -0.3733031478960719
0.12 0.06 -0.4205656020251206
0.12 0.07 -0.4640892886587463
0.12 0.08 -0.5044636328841514
0.12 0.09 -0.542109629543359
0.12 0.1 -0.5773375765096718
0.12 0.11 -0.6103811195677618
0.12 0.12 -0.6414185408766498
0.12 0.13 -0.6705866796523954
0.12 0.14 -0.6979903527485256
0.12 0.15 -0.7237088960162331
0.12 0.16 -0.7478007878271002
0.12 0.17 -0.7703069473377562
0.12 0.18 -0.7912530837542936
0.12 0.19 -0.8106513404025091
0.12 0.2 -0.8285013928705158
0.12 0.21 -0.8447911040766529
0.12 0.22 -0.859496799406613
0.12 0.23 -0.8725831950985538
0.12 0.24 -0.8840029882679861
0.12 0.25 -0.8936960940103906
0.12 0.26 -0.9015884910233707
0.12 0.27 -0.9075906091591955
0.12 0.28 -0.9115951565404624
0.12 0.29 -0.9134742351139759
0.12 0.3 -0.9130755237719155
0.12 0.31 -0.9102172044791392
0.12 0.32 -0.904681147330613
0.12 0.33 -0.8962036166741559
0.12 0.34 -0.8844623419560207
0.12 0.35 -0.8690580787680144
0.12 0.36 -0.8494874947489077
0.12 0.37 -0.8251017640711591
0.12 0.38 -0.7950402793845225
0.12 0.39 -0.758117912506206
0.12 0.4 -0.7126172606788257
0.12 0.41 -0.6558603688524165
0.12 0.42 -0.5831616768270371
0.12 0.43 -0.48435828167029105
0.13 0.01 -0.11971529557113972
0.13 0.02 -0.20105979828165485
0.13 0.03 -0.26878151963752633
0.13 0.04 -0.3280357230222314
0.13 0.05 -0.38121147613930384
0.13 0.06 -0.42967523186070766
0.13 0.07 -0.47429981727423043
0.13 0.08 -0.5156821086330032
0.13 0.09 -0.5542492503074483
0.13 0.1 -0.5903165976839677
0.13 0.11 -0.6241219219643539
0.13 0.12 -0.6558468205739277
0.13 0.13 -0.6856307300948228
0.13 0.14 -0.7135804152570524
0.13 0.15 -0.7397765589688946
0.13 0.16 -0.7642784175523372
0.13 0.17 -0.787127135511128
0.13 0.18 -0.8083480969721691
0.13 0.19 -0.8279525577074494
0.13 0.2 -0.8459387163317729
0.13 0.21 -0.8622923260221864
0.13 0.22 -0.8769869074151017
0.13 0.23 -0.8899835921422753
0.13 0.24 -0.9012306000585679
0.13 0.25 -0.910662328040019
0.13 0.26 -0.9181980010991768
0.13 0.27 -0.9237398039900774
0.13 0.28 -0.9271703689506826
0.13 0.29 -0.9283494362098289
0.13 0.3 -0.9271094181217623
0.13 0.31 -0.9232494683952668
0.13 0.32 -0.9165274558154303
0.13 0.33 -0.9066489150990461
0.13 0.34 -0.8932514987637687
0.13 0.35 -0.8758824918636006
0.13 0.36 -0.8539651780075295
0.13 0.37 -0.8267463724926178
0.13 0.38 -0.793210113408168
0.13 0.39 -0.7519255161956723
0.13 0.4 -0.7007521399020791
0.13 0.41 -0.6361860324016408
0.13 0.42 -0.5515485699049967
0.13 0.43 -0.42900882065818935
0.14 0.01 -0.1214385791303815
0.14 0.02 -0.20435641543611613
0.14 0.03 -0.27351807282408674
0.14 0.04 -0.3340922582893807
0.14 0.05 -0.3884790486045221
0.14 0.06 -0.4380539650073084
0.14 0.07 -0.48369732961485823
0.14 0.08 -0.5260122170858696
0.14 0.09 -0.5654308839322706
0.14 0.1 -0.60227287220881
0.14 0.11 -0.6367793372926784
0.14 0.12 -0.669134551777682
0.14 0.13 -0.6994799883007607
0.14 0.14 -0.7279238589926871
0.14 0.15 -0.7545477393941907
0.14 0.16 -0.7794112428508952
0.14 0.17 -0.8025553407276103
0.14 0.18 -0.8240047058556507
0.14 0.19 -0.8437693226781309
0.14 0.2 -0.8618455214902496
0.14 0.21 -0.8782165360537051
0.14 0.22 -0.8928526421053006
0.14 0.23 -0.9057109016966215
0.14 0.24 -0.9167345100160849
0.14 0.25 -0.925851713549956
0.14 0.26 -0.9329742375518144
0.14 0.27 -0.9379951227009008
0.14 0.28 -0.9407858200143294
0.14 0.29 -0.941192321281585
0.14 0.3 -0.9390299963109503
0.14 0.31 -0.9340766459455236
0.14 0.32 -0.9260630222769656
0.14 0.33 -0.9146596437567073
0.14 0.34 -0.8994580070387288
0.14 0.35 -0.8799429949140547
0.14 0.36 -0.8554508105601306
0.14 0.37 -0.8251017640711595
0.14 0.38 -0.7876862105866721
0.14 0.39 -0.7414548598507679
0.14 0.4 -0.6836875769391875
0.14 0.41 -0.6096417600957664
0.14 0.42 -0.5090751340203261
0.15 0.01 -0.12302009300804553
0.15 0.02 -0.20738644962294847
0.15 0.03 -0.27787710804949667
0.15 0.04 -0.33967181822667813
0.15 0.05 -0.3951797627815937
0.15 0.06 -0.44578399957907944
0.15 0.07 -0.4923710954273287
0.15 0.08 -0.5355492887793789
0.15 0.09 -0.5757550806369218
0.15 0.1 -0.6133114621693301
0.15 0.11 -0.6484623371093872
0.15 0.12 -0.6813940968931439
0.15 0.13 -0.712249755573674
0.15 0.14 -0.7411385251278904
0.15 0.15 -0.768142460932579
0.15 0.16 -0.7933211445496957
0.15 0.17 -0.8167149995837197
0.15 0.18 -0.8383476177805774
0.15 0.19 -0.8582273379004304
0.15 0.2 -0.8763482330546457
0.15 0.21 -0.8926906031442928
0.15 0.22 -0.907221026083056
0.15 0.23 -0.9198919873090634
0.15 0.24 -0.9306410766037849
0.15 0.25 -0.9393897103213553
0.15 0.26 -0.9460413017127287
0.15 0.27 -0.9504787572029524
0.15 0.28 -0.95256111540849
0.15 0.29 -0.9521190578728721
0.15 0.3 -0.9489488888190241
0.15 0.31 -0.9428043763341911
0.15 0.32 -0.9333855169088424
0.15 0.33 -0.9203227312417391
0.15 0.34 -0.9031540295112035
0.15 0.35 -0.8812908992306923
0.15 0.36 -0.8539651780075295
0.15 0.37 -0.8201418191528209
0.15 0.38 -0.7783654236530257
0.15 0.39 -0.7264636697513045
0.15 0.4 -0.660890436695398
0.15 0.41 -0.574910075077576
0.15 0.42 -0.45061230160017085
0.16 0.01 -0.12447699194553255
0.16 0.02 -0.21018114719069533
0.16 0.03 -0.28190157911553265
0.16 0.04 -0.34482717913820216
0.16 0.05 -0.4013747059893026
0.16 0.06 -0.4529335060881464
0.16 0.07 -0.5003953589144358
0.16 0.08 -0.544372802039377
0.16 0.09 -0.5853058468305126
0.16 0.1 -0.623520301721906
0.16 0.11 -0.6592622670909962
0.16 0.12 -0.692719763968289
0.16 0.13 -0.724036906596671
0.16 0.14 -0.753323501471159
0.16 0.15 -0.780661703861386
0.16 0.16 -0.8061106995092322
0.16 0.17 -0.8297100071920087
0.16 0.18 -0.8514817786171222
0.16 0.19 -0.8714323367825909
0.16 0.2 -0.889553106273085
0.16 0.21 -0.9058210288733469
0.16 0.22 -0.9201985135640831
0.16 0.23 -0.9326329339294723
0.16 0.24 -0.9430556529141354
0.16 0.25 -0.9513805202088457
0.16 0.26 -0.9575017466202047
0.16 0.27 -0.961291006669727
0.16 0.28 -0.9625935468265078
0.16 0.29 -0.9612229687588275
0.16 0.3 -0.9569541923779523
0.16 0.31 -0.9495138431075343
0.16 0.32 -0.9385668803486086
0.16 0.33 -0.9236975529984085
0.16 0.34 -0.9043814577244942
0.16 0.35 -0.8799429949140547
0.16 0.36 -0.8494874947489082
0.16 0.37 -0.8117862298130338
0.16 0.38 -0.7650654020902254
0.16 0.39 -0.7065730071002208
0.16 0.4 -0.6315242903981955
0.16 0.41 -0.5296199718896728
0.17 0.01 -0.12582337485286157
0.17 0.02 -0.21276632255430192
0.17 0.03 -0.2856271318384465
0.17 0.04 -0.3496023077156928
0.17 0.05 -0.40711493906882434
0.17 0.06 -0.45955963127416866
0.17 0.07 -0.5078325145824315
0.17 0.08 -0.5525496947520872
0.17 0.09 -0.5941540653545949
0.17 0.1 -0.6329737046557811
0.17 0.11 -0.6692564254149753
0.17 0.12 -0.703191442867875
0.17 0.13 -0.7349235729891574
0.17 0.14 -0.7645628449791066
0.17 0.15 -0.7921911596425514
0.17 0.16 -0.81786696142946
0.17 0.17 -0.8416285193221091
0.17 0.18 -0.8634961919024154
0.17 0.19 -0.8834739158732179
0.17 0.2 -0.9015500687418394
0.17 0.21 -0.9176977951170938
0.17 0.22 -0.9318748401787285
0.17 0.23 -0.9440228956568963
0.17 0.24 -0.9540664274596979
0.17 0.25 -0.9619109149057226
0.17 0.26 -0.9674403838646937
0.17 0.27 -0.9705140527494592
0.17 0.28 -0.9709618204538718
0.17 0.29 -0.9685781916148827
0.17 0.3 -0.9631140274177381
0.17 0.31 -0.9542651768608261
0.17 0.32 -0.9416564856546593
0.17 0.33 -0.9248187049730298
0.17 0.34 -0.903154029511203
0.17 0.35 -0.8758824918636006
0.17 0.36 -0.8419540676515889
0.17 0.37 -0.7998942820008028
0.17 0.38 -0.7475063166418805
0.17 0.39 -0.6812121972044132
0.17 0.4 -0.5942341424160824
0.17 0.41 -0.46860489015508966
0.18 0.01 -0.12707096490082162
0.18 0.02 -0.2151635387479702
0.18 0.03 -0.28908365949240433
0.18 0.04 -0.3540342017731677
0.18 0.05 -0.4124435572934584
0.18 0.06 -0.4657107310777775
0.18 0.07 -0.5147354761925045
0.18 0.08 -0.5601368418512567
0.18 0.09 -0.6023600603663529
0.18 0.1 -0.6417350001879234
0.18 0.11 -0.6785107564588095
0.18 0.12 -0.7128773464901709
0.18 0.13 -0.7449799236440011
0.18 0.14 -0.7749283943322947
0.18 0.15 -0.8028040700082222
0.18 0.16 -0.8286643215849386
0.18 0.17 -0.852545830563664
0.18 0.18 -0.8744668106528237
0.18 0.19 -0.8944284368118394
0.18 0.2 -0.912415629078901
0.18 0.21 -0.9283972759423409
0.18 0.22 -0.9423259342808773
0.18 0.23 -0.9541370020834271
0.18 0.24 -0.9637473202251674
0.18 0.25 -0.9710531148976524
0.18 0.26 -0.9759271363590569
0.18 0.27 -0.9782147735455705
0.18 0.28 -0.9777288140298254
0.18 0.29 -0.9742423521669452
0.18 0.3 -0.9674790856545121
0.18 0.31 -0.957099810463627
0.18 0.32 -0.942683189255492
0.18 0.33 -0.9236975529984086
0.18 0.34 -0.8994580070387288
0.18 0.35 -0.8690580787680149
0.18 0.36 -0.8312540697752326
0.18 0.37 -0.7842531174311371
0.18 0.38 -0.725278736680795
0.18 0.39 -0.6495143402853042
0.18 0.4 -0.5466185422557677
0.18 0.41 -0.36707610821264336
0.19 0.01 -0.12822961000451896
0.19 0.02 -0.2173909828257767
0.19 0.03 -0.2922964635321189
0.19 0.04 -0.35815427118071375
0.19 0.05 -0.4173972434084401
0.19 0.06 -0.47142805970830626
0.19 0.07 -0.521149474423251
0.19 0.08 -0.5671829404469788
0.19 0.09 -0.6099755534632182
0.19 0.1 -0.6498585470930494
0.19 0.11 -0.6870819125701524
0.19 0.12 -0.721836111806691
0.19 0.13 -0.754266298188788
0.19 0.14 -0.784481930132052
0.19 0.15 -0.8125634090880975
0.19 0.16 -0.838566708732507
0.19 0.17 -0.8625265883296627
0.19 0.18 -0.8844587620760909
0.19 0.19 -0.9043612585010592
0.19 0.2 -0.9222151132793257
0.19 0.21 -0.9379844746511838
0.19 0.22 -0.9516161507369391
0.19 0.23 -0.9630385841194257
0.19 0.24 -0.9721601946189564
0.19 0.25 -0.9788669797821885
0.19 0.26 -0.9830191964293407
0.19 0.27 -0.9844468544753912
0.19 0.28 -0.9829436184914732
0.19 0.29 -0.9782585032826203
0.19 0.3 -0.9700844141832972
0.19 0.31 -0.9580420222262995
0.19 0.32 -0.9416564856546595
0.19 0.33 -0.9203227312417386
0.19 0.34 -0.8932514987637687
0.19 0.35 -0.8593809677465845
0.19 0.36 -0.8172217035685938
0.19 0.37 -0.7645578392852481
0.19 0.38 -0.6977869407755392
0.19 0.39 -0.6100994199432378
0.19 0.4 -0.48348594021809665
0.2 0.01 -0.12930765776502887
0.2 0.02 -0.21946412615390828
0.2 0.03 -0.2952871341295681
0.2 0.04 -0.36198939054625767
0.2 0.05 -0.42200745638653214
0.2 0.06 -0.47674706704836534
0.2 0.07 -0.5271134418060093
0.2 0.08 -0.5737299658336772
0.2 0.09 -0.6170451777884577
0.2 0.1 -0.6573912955605898
0.2 0.11 -0.6950188553284309
0.2 0.12 -0.7301184337103229
0.2 0.13 -0.7628348677725179
0.2 0.14 -0.7932768578693195
0.2 0.15 -0.8215235844729938
0.2 0.16 -0.8476293046667165
0.2 0.17 -0.8716265196246598
0.2 0.18 -0.8935280824471266
0.2 0.19 -0.9133284770067476
0.2 0.2 -0.9310044064107188
0.2 0.21 -0.9465147636939195
0.2 0.22 -0.9598000048658551
0.2 0.23 -0.9707808967937569
0.2 0.24 -0.979356562462881
0.2 0.25 -0.9854016864790522
0.2 0.26 -0.9887626647398569
0.2 0.27 -0.9892523698688857
0.2 0.28 -0.9866430353313732
0.2 0.29 -0.9806564965068367
0.2 0.3 -0.9709505944546686
0.2 0.31 -0.9570998104636272
0.2 0.32 -0.9385668803486081
0.2 0.33 -0.9146596437567072
0.2 0.34 -0.8844623419560207
0.2 0.35 -0.8467194916877696
0.2 0.36 -0.7996232865133333
0.2 0.37 -0.7403782135266626
0.2 0.38 -0.664143251708425
0.2 0.39 -0.5605452396917837
0.21 0.01 -0.13031224084646978
0.21 0.02 -0.22139623006305872
0.21 0.03 -0.2980742280074854
0.21 0.04 -0.3655627131651832
0.21 0.05 -0.4263013540765074
0.21 0.06 -0.4816984088921613
0.21 0.07 -0.5326610941061328
0.21 0.08 -0.5798143110531002
0.21 0.09 -0.6236076654467514
0.21 0.1 -0.6643740141373766
0.21 0.11 -0.7023641152232007
0.21 0.12 -0.7377683518151122
0.21 0.13 -0.7707309442733332
0.21 0.14 -0.8013595355080738
0.21 0.15 -0.8297317796426774
0.21 0.16 -0.8558998983067652
0.21 0.17 -0.879893793809803
0.21 0.18 -0.9017230856344344
0.21 0.19 -0.9213782968427793
0.21 0.2 -0.9388313233896097
0.21 0.21 -0.9540352511818275
0.21 0.22 -0.9669235301401767
0.21 0.23 -0.9774084623690019
0.21 0.24 -0.9853789048793793
0.21 0.25 -0.9906970173932022
0.21 0.26 -0.9931937908166804
0.21 0.27 -0.9926629539478328
0.21 0.28 -0.988852644763952
0.21 0.29 -0.9814538950336534
0.21 0.3 -0.9700844141832974
0.21 0.31 -0.9542651768608257
0.21 0.32 -0.9333855169088429
0.21 0.33 -0.9066489150990461
0.21 0.34 -0.8729842760815933
0.21 0.35 -0.830890396324997
0.21 0.36 -0.7781364858994058
0.21 0.37 -0.7111011088028634
0.21 0.38 -0.6229502746046809
0.21 0.39 -0.4956429086859597
0.22 0.01 -0.13124949727989269
0.22 0.02 -0.2231987383667335
0.22 0.03 -0.30067379711282827
0.22 0.04 -0.36889430843857707
0.22 0.05 -0.4303025182654724
0.22 0.06 -0.4863087432151768
0.22 0.07 -0.5378217848512444
0.22 0.08 -0.5854676893673616
0.22 0.09 -0.6296967896155908
0.22 0.1 -0.67084226470976
0.22 0.11 -0.7091547939226908
0.22 0.12 -0.7448242753357558
0.22 0.13 -0.7779940238053349
0.22 0.14 -0.808770332150941
0.22 0.15 -0.8372290246867929
0.22 0.16 -0.8634199655994941
0.22 0.17 -0.8873701089147823
0.22 0.18 -0.9090854530115858
0.22 0.19 -0.9285521214800765
0.22 0.2 -0.9457366967000478
0.22 0.21 -0.9605858617849223
0.22 0.22 -0.9730253472318197
0.22 0.23 -0.9829581209807444
0.22 0.24 -0.9902616956559644
0.22 0.25 -0.9947843440865762
0.22 0.26 -0.9963398990633294
0.22 0.27 -0.9947006423404922
0.22 0.28 -0.9895875212220554
0.22 0.29 -0.9806564965068364
0.22 0.3 -0.9674790856545117
0.22 0.31 -0.9495138431075347
0.22 0.32 -0.926063022276966
0.22 0.33 -0.8962036166741559
0.22 0.34 -0.8586708841024995
0.22 0.35 -0.8116452700375534
0.22 0.36 -0.7523163645581326
0.22 0.37 -0.6758241762099273
0.22 0.38 -0.5717711786209294
0.23 0.01 -0.13212474270853716
0.23 0.02 -0.22488158579771775
0.23 0.03 -0.30309980584032437
0.23 0.04 -0.3720016667907261
0.23 0.05 -0.43403153086279345
0.23 0.06 -0.49060136468698123
0.23 0.07 -0.5426211878729582
0.23 0.08 -0.5907178565402227
0.23 0.09 -0.635342119819751
0.23 0.1 -0.676827185213656
0.23 0.11 -0.7154233697776611
0.23 0.12 -0.7513198074445732
0.23 0.13 -0.7846586265153279
0.23 0.14 -0.815544480243799
0.23 0.15 -0.8440510581378419
0.23 0.16 -0.8702255383318482
0.23 0.17 -0.8940915647868211
0.23 0.18 -0.9156511081667901
0.23 0.19 -0.9348854265399382
0.23 0.2 -0.9517552444754027
0.23 0.21 -0.9662001952898234
0.23 0.22 -0.9781375073881503
0.23 0.23 -0.9874598512902316
0.23 0.24 -0.9940321887662407
0.23 0.25 -0.9976873668298225
0.23 0.26 -0.9982200585083039
0.23 0.27 -0.9953784388202259
0.23 0.28 -0.9888526447639524
0.23 0.29 -0.9782585032826198
0.23 0.3 -0.9631140274177381
0.23 0.31 -0.9428043763341916
0.23 0.32 -0.9165274558154307
0.23 0.33 -0.8832049386927184
0.23 0.34 -0.8413263833208127
0.23 0.35 -0.7886492776542062
0.23 0.36 -0.7215373201217792
0.23 0.37 -0.6331375871871538
0.23 0.38 -0.505384682934277
0.24 0.01 -0.1329426066123626
0.24 0.02 -0.22645344305871415
0.24 0.03 -0.3053644638229752
0.24 0.04 -0.3749001037802989
0.24 0.05 -0.43750643640457365
0.24 0.06 -0.49459671528146754
0.24 0.07 -0.5470818477488707
0.24 0.08 -0.5955891943835185
0.24 0.09 -0.6405696330483436
0.24 0.1 -0.6823561237104108
0.24 0.11 -0.7211983509533904
0.24 0.12 -0.7572844140948972
0.24 0.13 -0.7907549781284522
0.24 0.14 -0.821712767145997
0.24 0.15 -0.8502290260248642
0.24 0.16 -0.8763479081686419
0.24 0.17 -0.900089369530227
0.24 0.18 -0.9214509229321403
0.24 0.19 -0.9404084621849056
0.24 0.2 -0.9569162653561598
0.24 0.21 -0.9709062090096352
0.24 0.22 -0.9822861559399662
0.24 0.23 -0.990937406310027
0.24 0.24 -0.9967110141731212
0.24 0.25 -0.999422652489582
0.24 0.26 -0.9988455359952018
0.24 0.27 -0.9947006423404922
0.24 0.28 -0.9866430353313737
0.24 0.29 -0.9742423521669451
0.24 0.3 -0.9569541923779528
0.24 0.31 -0.9340766459455241
0.24 0.32 -0.9046811473306139
0.24 0.33 -0.8674957433417935
0.24 0.34 -0.8206916673110323
0.24 0.35 -0.7614468186474619
0.24 0.36 -0.6848863776568972
0.24 0.37 -0.5805939285696571
0.25 0.01 -0.13370714117020546
0.25 0.02 -0.22792191346667254
0.25 0.03 -0.3074784939469374
0.25 0.04 -0.37760308656759045
0.25 0.05 -0.4407431166969572
0.25 0.06 -0.49831279883603685
0.25 0.07 -0.5512236275673928
0.25 0.08 -0.600103186215093
0.25 0.09 -0.6454022123207089
0.25 0.1 -0.6874531561916724
0.25 0.11 -0.7265048091517352
0.25 0.12 -0.7627439707463525
0.25 0.13 -0.7963095670505982
0.25 0.14 -0.8273021001625445
0.25 0.15 -0.8557900524602389
0.25 0.16 -0.881814200378141
0.25 0.17 -0.9053904137846898
0.25 0.18 -0.9265112892977369
0.25 0.19 -0.9451468192091284
0.25 0.2 -0.9612441944604353
0.25 0.21 -0.9747267580772443
0.25 0.22 -0.9854920494638674
0.25 0.23 -0.9934087971050144
0.25 0.24 -0.9983126133006825
0.25 0.25 -1.0
0.25 0.26 -0.9982200585083034
0.25 0.27 -0.9926629539478323
0.25 0.28 -0.9829436184914727
0.25 0.29 -0.9685781916148827
0.25 0.3 -0.9489488888190245
0.25 0.31 -0.9232494683952663
0.25 0.32 -0.8903960649485491
0.25 0.33 -0.8488710518089747
0.25 0.34 -0.7964227362334195
0.25 0.35 -0.7294031633103681
0.25 0.36 -0.6409446249715836
0.25 0.37 -0.5129628865860238
0.26 0.01 -0.13442190908097942
0.26 0.02 -0.22929369219045245
0.26 0.03 -0.3094513500957955
0.26 0.04 -0.38012249989926505
0.26 0.05 -0.4437555967936143
0.26 0.06 -0.5017655203269266
0.26 0.07 -0.5550640760074187
0.26 0.08 -0.6042788071814715
0.26 0.09 -0.6498600564130704
0.26 0.1 -0.6921395124262437
0.26 0.11 -0.7313648187128376
0.26 0.12 -0.7677212121580804
0.26 0.13 -0.8013456024876113
0.26 0.14 -0.8323359707219036
0.26 0.15 -0.8607577076038082
0.26 0.16 -0.8866478431901218
0.26 0.17 -0.910017738825091
0.26 0.18 -0.930854583160888
0.26 0.19 -0.9491218846585754
0.26 0.2 -0.9647590460608404
0.26 0.21 -0.9776800188127903
0.26 0.22 -0.9877709511376892
0.26 0.23 -0.9948866478655262
0.26 0.24 -0.9988455359952018
0.26 0.25 -0.999422652489582
0.26 0.26 -0.9963398990633294
0.26 0.27 -0.9892523698688857
0.26 0.28 -0.9777288140298254
0.26 0.29 -0.9612229687588275
0.26 0.3 -0.9390299963109503
0.26 0.31 -0.9102172044791397
0.26 0.32 -0.8735071278158092
0.26 0.33 -0.8270638460742444
0.26 0.34 -0.7680561152952503
0.26 0.35 -0.6915975061522612
0.26 0.36 -0.5872568690264222
0.27 0.01 -0.135090055022446
0.27 0.02 -0.23057469626607927
0.27 0.03 -0.3112913954653608
0.27 0.04 -0.38246886448619966
0.27 0.05 -0.4465562967555404
0.27 0.06 -0.5049689655345583
0.27 0.07 -0.5586187303691582
0.27 0.08 -0.608132846841823
0.27 0.09 -0.6539610187455539
0.27 0.1 -0.6964339283277465
0.27 0.11 -0.7357978199552757
0.27 0.12 -0.7722361044074207
0.27 0.13 -0.8058833929688747
0.27 0.14 -0.836834837256432
0.27 0.15 -0.8651523926742608
0.27 0.16 -0.8908689525120147
0.27 0.17 -0.9139909182012502
0.27 0.18 -0.93449953954618
0.27 0.19 -0.9523512064358242
0.27 0.2 -0.9674767621045592
0.27 0.21 -0.9797798137830984
0.27 0.22 -0.9891339220786873
0.27 0.23 -0.9953784388202264
0.27 0.24 -0.9983126133006825
0.27 0.25 -0.9976873668298221
0.27 0.26 -0.9931937908166804
0.27 0.27 -0.9844468544753912
0.27 0.28 -0.9709618204538722
0.27 0.29 -0.9521190578728721
0.27 0.3 -0.9271094181217623
0.27 0.31 -0.8948449351076386
0.27 0.32 -0.8538025013504197
0.27 0.33 -0.8017233078575859
0.27 0.34 -0.7349503000573105
0.27 0.35 -0.6466042109316625
0.27 0.36 -0.5185861303699841
0.28 0.01 -0.13571436425360797
0.28 0.02 -0.23177017155292942
0.28 0.03 -0.31300604964730383
0.28 0.04 -0.38465151754593097
0.28 0.05 -0.4491562401912571
0.28 0.06 -0.5079356330604671
0.28 0.07 -0.5619013682792403
0.28 0.08 -0.611680177341124
0.28 0.09 -0.6577208892390011
0.28 0.1 -0.7003529390355492
0.28 0.11 -0.7398209212499158
0.28 0.12 -0.7763061538648667
0.28 0.13 -0.8099406601831054
0.28 0.14 -0.8408164418166737
0.28 0.15 -0.8689916571093887
0.28 0.16 -0.8944946471186964
0.28 0.17 -0.9173263679811885
0.28 0.18 -0.9374615542243173
0.28 0.19 -0.9548487815680564
0.28 0.2 -0.9694094808422287
0.28 0.21 -0.981035852158648
0.28 0.22 -0.9895875212220554
0.28 0.23 -0.9948866478655262
0.28 0.24 -0.9967110141731208
0.28 0.25 -0.9947843440865762
0.28 0.26 -0.9887626647398571
0.28 0.27 -0.9782147735455705
0.28 0.28 -0.9625935468265073
0.28 0.29 -0.941192321281585
0.28 0.3 -0.9130755237719159
0.28 0.31 -0.8769616195980454
0.28 0.32 -0.8310092450323615
0.28 0.33 -0.7723800835742892
0.28 0.34 -0.6961786569196367
0.28 0.35 -0.5919623148694138
0.29 0.01 -0.13629731101837797
0.29 0.02 -0.23288478132391452
0.29 0.03 -0.3146019107484638
0.29 0.04 -0.386678763003835
0.29 0.05 -0.45156522803592236
0.29 0.06 -0.5106766279170607
0.29 0.07 -0.5649242178976821
0.29 0.08 -0.6149339774836339
0.29 0.09 -0.6611536298383548
0.29 0.1 -0.7039111237120506
0.29 0.11 -0.7434491510708399
0.29 0.12 -0.7799466645521528
0.29 0.13 -0.8135327996854569
0.29 0.14 -0.8442960720614245
0.29 0.15 -0.8722904595487135
0.29 0.16 -0.8975393059627933
0.29 0.17 -0.9200375971463222
0.29 0.18 -0.9397529230845443
0.29 0.19 -0.9566252791650501
0.29 0.2 -0.9705657360654165
0.29 0.21 -0.9814538950336534
0.29 0.22 -0.9891339220786872
0.29 0.23 -0.9934087971050143
0.29 0.24 -0.9940321887662402
0.29 0.25 -0.9906970173932022
0.29 0.26 -0.9830191964293409
0.29 0.27 -0.9705140527494591
0.29 0.28 -0.9525611154084901
0.29 0.29 -0.9283494362098287
0.29 0.3 -0.8967881995747128
0.29 0.31 -0.8563502661004785
0.29 0.32 -0.804771427021726
0.29 0.33 -0.738387605907933
0.29 0.34 -0.6503105451331008
0.29 0.35 -0.5224299009108269
0.3 0.01 -0.13684109878634257
0.3 0.02 -0.23392268009977754
0.3 0.03 -0.31608485738386827
0.3 0.04 -0.3885579971562804
0.3 0.05 -0.45379198413638067
0.3 0.06 -0.5132018238649279
0.3 0.07 -0.5676981342867045
0.3 0.08 -0.617905920754627
0.3 0.09 -0.6642715720599154
0.3 0.1 -0.7071213106579692
0.3 0.11 -0.7466956688140038
0.3 0.12 -0.7831709528139016
0.3 0.13 -0.8166730974996914
0.3 0.14 -0.8472867776936794
0.3 0.15 -0.8750613817030282
0.3 0.16 -0.9000147766022678
0.3 0.17 -0.9221354069871335
0.3 0.18 -0.941383027849747
0.3 0.19 -0.9576882062352939
0.3 0.2 -0.970950594454669
0.3 0.21 -0.9810358521586479
0.3 0.22 -0.9877709511376895
0.3 0.23 -0.9909374063100265
0.3 0.24 -0.9902616956559644
0.3 0.25 -0.9854016864790522
0.3 0.26 -0.9759271363590567
0.3 0.27 -0.9612910066697264
0.3 0.28 -0.9407858200143295
0.3 0.29 -0.9134742351139747
0.3 0.3 -0.878071905112637
0.3 0.31 -0.8327334780681386
0.3 0.32 -0.7746152883897076
0.3 0.33 -0.6988148942840172
0.3 0.34 -0.5948807218483985
0.31 0.01 -0.1373476939053632
0.31 0.02 -0.23488757553072623
0.31 0.03 -0.31746013431261677
0.31 0.04 -0.3902958143296104
0.31 0.05 -0.4558442777848757
0.31 0.06 -0.5155200001272076
0.31 0.07 -0.5702327479608769
0.31 0.08 -0.6206063336218542
0.31 0.09 -0.6670855831418118
0.31 0.1 -0.7099947495187273
0.31 0.11 -0.7495719413029236
0.31 0.12 -0.7859905263243628
0.31 0.13 -0.8193729096956852
0.31 0.14 -0.8497995484347525
0.31 0.15 -0.8773148021607773
0.31 0.16 -0.9019305416841904
0.31 0.17 -0.9236280462344455
0.31 0.18 -0.9423584745334299
0.31 0.19 -0.958042022226299
0.31 0.2 -0.9705657360654161
0.31 0.21 -0.9797798137830974
0.31 0.22 -0.9854920494638677
0.31 0.23 -0.9874598512902315
0.31 0.24 -0.9853789048793793
0.31 0.25 -0.9788669797821876
0.31 0.26 -0.9674403838646941
0.31 0.27 -0.9504787572029527
0.31 0.28 -0.9271703689506825
0.31 0.29 -0.8964226727184067
0.31 0.3 -0.856705760654905
0.31 0.31 -0.8057514864628981
0.31 0.32 -0.739890482991226
0.31 0.33 -0.6522275960291438
0.31 0.34 -0.5246436345336485
0.32 0.01 -0.13781885389501505
0.32 0.02 -0.23578278052097465
0.32 0.03 -0.3187324246777271
0.32 0.04 -0.3918980961059699
0.32 0.05 -0.4577290272605803
0.32 0.06 -0.5176389569318915
0.32 0.07 -0.5725365903837436
0.32 0.08 -0.6230443291328097
0.32 0.09 -0.6696052060115643
0.32 0.1 -0.7125412559475248
0.32 0.11 -0.7520878904567814
0.32 0.12 -0.7884152329738391
0.32 0.13 -0.8216418105136876
0.32 0.14 -0.8518434590867192
0.32 0.15 -0.8790590356010408
0.32 0.16 -0.903293848796087
0.32 0.17 -0.9245213269703376
0.32 0.18 -0.9426831892554914
0.32 0.19 -0.9576882062352939
0.32 0.2 -0.9694094808422287
0.32 0.21 -0.9776800188127898
0.32 0.22 -0.9822861559399656
0.32 0.23 -0.9829581209807443
0.32 0.24 -0.9793565624628815
0.32 0.25 -0.9710531148976522
0.32 0.26 -0.9575017466202047
0.32 0.27 -0.9379951227009005
0.32 0.28 -0.9115951565404625
0.32 0.29 -0.8770158141801653
0.32 0.3 -0.8324090259119595
0.32 0.31 -0.7749272469827537
0.32 0.32 -0.6996628117829723
0.32 0.33 -0.5961573262722782
0.33 0.01 -0.1382561513479982
0.33 0.02 -0.23661125732957908
0.33 0.03 -0.319905911194149
0.33 0.04 -0.39337008694949266
0.33 0.05 -0.4594523876057117
0.33 0.06 -0.5195656134251281
0.33 0.07 -0.5746172002075562
0.33 0.08 -0.6252279198057301
0.33 0.09 -0.6718387772251462
0.33 0.1 -0.7147693329957445
0.33 0.11 -0.7542520164696749
0.33 0.12 -0.7904533840227718
0.33 0.13 -0.8234877134196041
0.33 0.14 -0.8534257860124483
0.33 0.15 -0.8803004416212397
0.33 0.16 -0.90410980768128
0.33 0.17 -0.9248187049730296
0.33 0.18 -0.9423584745334304
0.33 0.19 -0.9566252791650501
0.33 0.2 -0.9674767621045592
0.33 0.21 -0.9747267580772442
0.33 0.22 -0.9781375073881498
0.33 0.23 -0.9774084623690023
0.33 0.24 -0.9721601946189562
0.33 0.25 -0.961910914905723
0.33 0.26 -0.9460413017127289
0.33 0.27 -0.9237398039900768
0.33 0.28 -0.8939131737359176
0.33 0.29 -0.8550298666790169
0.33 0.3 -0.8048190771257827
0.33 0.31 -0.7396076256671238
0.33 0.32 -0.6524952107231258
0.33 0.33 -0.5253559083006204
0.34 0.01 -0.138660994206416
0.34 0.02 -0.23737565502609456
0.34 0.03 -0.3209843281538497
0.34 0.04 -0.39471645849636333
0.34 0.05 -0.46101982521777374
0.34 0.06 -0.5213060907928937
0.34 0.07 -0.5764812132978494
0.34 0.08 -0.6271641130166202
0.34 0.09 -0.6737935262015566
0.34 0.1 -0.7166862726403491
0.34 0.11 -0.7560714999604039
0.34 0.12 -0.7921118549939311
0.34 0.13 -0.8249169685278639
0.34 0.14 -0.8545520983793009
0.34 0.15 -0.8810435063593303
0.34 0.16 -0.9043814577244945
0.34 0.17 -0.9245213269703374
0.34 0.18 -0.941383027849747
0.34 0.19 -0.9548487815680567
0.34 0.2 -0.9647590460608402
0.34 0.21 -0.9709062090096351
0.34 0.22 -0.9730253472318191
0.34 0.23 -0.9707808967937568
0.34 0.24 -0.9637473202251676
0.34 0.25 -0.9513805202088459
0.34 0.26 -0.9329742375518144
0.34 0.27 -0.9075906091591948
0.34 0.28 -0.8739429501425748
0.34 0.29 -0.8301816127434495
0.34 0.3 -0.7734564597168049
0.34 0.31 -0.6988560896422109
0.34 0.32 -0.5959170482976653
0.35 0.01 -0.13903464302527282
0.35 0.02 -0.23807834140470516
0.35 0.03 -0.32197100574738596
0.35 0.04 -0.3959413643277202
0.35 0.05 -0.46243618133475606
0.35 0.06 -0.5228657828748918
0.35 0.07 -0.5781344389907549
0.35 0.08 -0.6288589914566629
0.35 0.09 -0.6754756584193699
0.35 0.1 -0.7182982401733422
0.35 0.11 -0.7575522858413408
0.35 0.12 -0.7933961670349873
0.35 0.13 -0.8259344390590295
0.35 0.14 -0.8552263267045415
0.35 0.15 -0.8812908992306923
0.35 0.16 -0.90410980768128
0.35 0.17 -0.9236280462344457
0.35 0.18 -0.9397529230845444
0.35 0.19 -0.9523512064358242
0.35 0.2 -0.9612441944604353
0.35 0.21 -0.9662001952898238
0.35 0.22 -0.9669235301401765
0.35 0.23 -0.9630385841194259
0.35 0.24 -0.9540664274596975
0.35 0.25 -0.9393897103213553
0.35 0.26 -0.9181980010991768
0.35 0.27 -0.889398325978397
0.35 0.28 -0.8514585481276523
0.35 0.29 -0.8021063507072864
0.35 0.3 -0.7376660382633642
0.35 0.31 -0.6512336605926186
0.35 0.32 -0.5246783328730252
0.36 0.01 -0.1393782257153068
0.36 0.02 -0.23872143024574852
0.36 0.03 -0.3228689079118115
0.36 0.04 -0.39704848669485815
0.36 0.05 -0.4637057260920371
0.36 0.06 -0.5242494161164993
0.36 0.07 -0.5795819245594352
0.36 0.08 -0.630317780733997
0.36 0.09 -0.6768904247154034
0.36 0.1 -0.7196103436274046
0.36 0.11 -0.75869915107897
0.36 0.12 -0.7943105508800136
0.36 0.13 -0.8265435588622541
0.36 0.14 -0.8554508105601311
0.36 0.15 -0.8810435063593303
0.36 0.16 -0.9032938487960872
0.36 0.17 -0.9221354069871335
0.36 0.18 -0.9374615542243178
0.36 0.19 -0.9491218846585754
0.36 0.2 -0.9569162653561598
0.36 0.21 -0.9605858617849217
0.36 0.22 -0.9598000048658549
0.36 0.23 -0.9541370020834264
0.36 0.24 -0.9430556529141358
0.36 0.25 -0.9258517135499564
0.36 0.26 -0.9015884910233698
0.36 0.27 -0.8689796330026086
0.36 0.28 -0.8261749660734271
0.36 0.29 -0.7703229182918262
0.36 0.3 -0.6965096593800333
0.36 0.31 -0.5942681858455043
0.37 0.01 -0.1396927501628852
0.37 0.02 -0.23930680464446483
0.37 0.03 -0.3236806646858688
0.37 0.04 -0.39804107638898045
0.37 0.05 -0.4648322045129746
0.37 0.06 -0.5254611003548199
0.37 0.07 -0.5808280094880262
0.37 0.08 -0.6315449057908638
0.37 0.09 -0.6780421783993559
0.37 0.1 -0.7206266899624356
0.37 0.11 -0.7595157580444176
0.37 0.12 -0.7948579950351761
0.37 0.13 -0.8267463724926174
0.37 0.14 -0.8552263267045415
0.37 0.15 -0.8803004416212394
0.37 0.16 -0.9019305416841904
0.37 0.17 -0.9200375971463224
0.37 0.18 -0.9344995395461796
0.37 0.19 -0.9451468192091284
0.37 0.2 -0.951755244475402
0.37 0.21 -0.9540352511818277
0.37 0.22 -0.9516161507369388
0.37 0.23 -0.9440228956568965
0.37 0.24 -0.9306410766037849
0.37 0.25 -0.9106623280400186
0.37 0.26 -0.8829949046477521
0.37 0.27 -0.8461070690566542
0.37 0.28 -0.7977260552184079
0.37 0.29 -0.7341748201675932
0.37 0.3 -0.6485470841964118
0.37 0.31 -0.5227085264290139
0.38 0.01 -0.13997911505010677
0.38 0.02 -0.23983613699258896
0.38 0.03 -0.32440859987114484
0.38 0.04 -0.3989219867261983
0.38 0.05 -0.4658188755409952
0.38 0.06 -0.5265043716530465
0.38 0.07 -0.5818763708454125
0.38 0.08 -0.6325440374788547
0.38 0.09 -0.678934421548511
0.38 0.1 -0.7213504293654551
0.38 0.11 -0.7600046947544381
0.38 0.12 -0.795040279384522
0.38 0.13 -0.8265435588622536
0.38 0.14 -0.8545520983793009
0.38 0.15 -0.8790590356010413
0.38 0.16 -0.900014776602268
0.38 0.17 -0.9173263679811885
0.38 0.18 -0.930854583160888
0.38 0.19 -0.9404084621849056
0.38 0.2 -0.9457366967000478
0.38 0.21 -0.9465147636939193
0.38 0.22 -0.9423259342808773
0.38 0.23 -0.9326329339294729
0.38 0.24 -0.9167345100160844
0.38 0.25 -0.8936960940103902
0.38 0.26 -0.86223262898193
0.38 0.27 -0.8204944174245704
0.38 0.28 -0.7656295253731532
0.38 0.29 -0.6927228743912318
0.38 0.3 -0.5913052446984461
0.39 0.01 -0.14023811913876508
0.39 0.02 -0.24031090609102732
0.39 0.03 -0.325054754651448
0.39 0.04 -0.3996937024397925
0.39 0.05 -0.46666854501510524
0.39 0.06 -0.5273822281679329
0.39 0.07 -0.5827300608004798
0.39 0.08 -0.6333181303641433
0.39 0.09 -0.6795698415551751
0.39 0.1 -0.7217837887021401
0.39 0.11 -0.7601675029619652
0.39 0.12 -0.7948579950351752
0.39 0.13 -0.82593443905903
0.39 0.14 -0.8534257860124483
0.39 0.15 -0.8773148021607775
0.39 0.16 -0.8975393059627933
0.39 0.17 -0.9139909182012502
0.39 0.18 -0.9265112892977369
0.39 0.19 -0.9348854265399378
0.39 0.2 -0.9388313233896097
0.39 0.21 -0.9379844746511838
0.39 0.22 -0.9318748401787286
0.39 0.23 -0.9198919873090635
0.39 0.24 -0.9012306000585684
0.39 0.25 -0.874801124450981
0.39 0.26 -0.8390731949643593
0.39 0.27 -0.7917746086459992
0.39 0.28 -0.7292280598621316
0.39 0.29 -0.6445261339630012
0.39 0.3 -0.519532422896291
0.4 0.01 -0.1404704692341067
0.4 0.02 -0.24073241178532087
0.4 0.03 -0.3256209077041586
0.4 0.04 -0.40035836412643977
0.4 0.05 -0.4673835933224645
0.4 0.06 -0.5280971598463559
0.4 0.07 -0.5833915371126431
0.4 0.08 -0.6338694526077677
0.4 0.09 -0.6799503387522686
0.4 0.1 -0.7219280948873623
0.4 0.11 -0.7600046947544381
0.4 0.12 -0.7943105508800136
0.4 0.13 -0.8249169685278639
0.4 0.14 -0.851843459086719
0.4 0.15 -0.8750613817030282
0.4 0.16 -0.894494647118696
0.4 0.17 -0.910017738825091
0.4 0.18 -0.9214509229321403
0.4 0.19 -0.928552121480076
0.4 0.2 -0.9310044064107188
0.4 0.21 -0.9283972759423402
0.4 0.22 -0.9201985135640828
0.4 0.23 -0.905710901696621
0.4 0.24 -0.8840029882679861
0.4 0.25 -0.8537919841363801
0.4 0.26 -0.8132296508315611
0.4 0.27 -0.7594647168367937
0.4 0.28 -0.687581954263999
0.4 0.29 -0.5871111375022083
0.41 0.01 -0.14067678700568723
0.41 0.02 -0.241101787445241
0.41 0.03 -0.32610859224050326
0.41 0.04 -0.400917788773806
0.41 0.05 -0.46796599832251173
0.41 0.06 -0.5286511725897205
0.41 0.07 -0.5838626872565247
0.41 0.08 -0.6341996085726307
0.41 0.09 -0.68007704572828
0.41 0.1 -0.7217837887021401
0.41 0.11 -0.7595157580444176
0.41 0.12 -0.7933961670349882
0.41 0.13 -0.8234877134196044
0.41 0.14 -0.8497995484347529
0.41 0.15 -0.8722904595487139
0.41 0.16 -0.8908689525120144
0.41 0.17 -0.9053904137846902
0.41 0.18 -0.9156511081667895
0.41 0.19 -0.9213782968427797
0.41 0.2 -0.922215113279325
0.41 0.21 -0.9176977951170939
0.41 0.22 -0.9072210260830561
0.41 0.23 -0.8899835921422748
0.41 0.24 -0.8648991322239219
0.41 0.25 -0.8304396357822195
0.41 0.26 -0.7843344582531635
0.41 0.27 -0.7229070696681258
0.41 0.28 -0.6392500350370661
0.41 0.29 -0.5152260879195993
0.42 0.01 -0.14085761481111417
0.42 0.02 -0.24142001055221882
0.42 0.03 -0.3265191103319235
0.42 0.04 -0.401373486797842
0.42 0.05 -0.46841735402074836
0.42 0.06 -0.5290458073919935
0.42 0.07 -0.5841448466898644
0.42 0.08 -0.6343095546405668
0.42 0.09 -0.6799503387522686
0.42 0.1 -0.7213504293654551
0.42 0.11 -0.7586991510789705
0.42 0.12 -0.7921118549939313
0.42 0.13 -0.8216418105136885
0.42 0.14 -0.8472867776936803
0.42 0.15 -0.8689916571093893
0.42 0.16 -0.8866478431901219
0.42 0.17 -0.900089369530227
0.42 0.18 -0.9090854530115864
0.42 0.19 -0.9133284770067469
0.42 0.2 -0.912415629078901
0.42 0.21 -0.905821028873347
0.42 0.22 -0.8928526421053001
0.42 0.23 -0.8725831950985542
0.42 0.24 -0.8437331788042468
0.42 0.25 -0.8044568090811115
0.42 0.26 -0.7519044860178266
0.42 0.27 -0.6811618865028056
0.42 0.28 -0.5817589120273333
0.42 0.29 -0.404011402354856
0.43 0.01 -0.14101342064258718
0.43 0.02 -0.2416879116106225
0.43 0.03 -0.3268535448132529
0.43 0.04 -0.40172667593498856
0.43 0.05 -0.46873888537150843
0.43 0.06 -0.5292821548428763
0.43 0.07 -0.5842388116428554
0.43 0.08 -0.6341996085726309
0.43 0.09 -0.6795698415551755
0.43 0.1 -0.7206266899624365
0.43 0.11 -0.7575522858413408
0.43 0.12 -0.7904533840227722
0.43 0.13 -0.8193729096956857
0.43 0.14 -0.8442960720614245
0.43 0.15 -0.8651523926742609
0.43 0.16 -0.8818142003781411
0.43 0.17 -0.8940915647868211
0.43 0.18 -0.9017230856344343
0.43 0.19 -0.9043612585010592
0.43 0.2 -0.9015500687418392
0.43 0.21 -0.8926906031442929
0.43 0.22 -0.8769869074151017
0.43 0.23 -0.8533568860667023
0.43 0.24 -0.8202759079990618
0.43 0.25 -0.7754758961938684
0.43 0.26 -0.7152821213992577
0.43 0.27 -0.632788200844219
0.43 0.28 -0.5098571639002635
0.44 0.01 -0.14114460229464446
0.44 0.02 -0.24190618155902618
0.44 0.03 -0.3271127689974086
0.44 0.04 -0.401978292263642
0.44 0.05 -0.46893145950380277
0.44 0.06 -0.5293608652873647
0.44 0.07 -0.5841448466898647
0.44 0.08 -0.633869452607768
0.44 0.09 -0.6789344215485119
0.44 0.1 -0.7196103436274046
0.44 0.11 -0.7560714999604043
0.44 0.12 -0.7884152329738395
0.44 0.13 -0.8166730974996914
0.44 0.14 -0.8408164418166739
0.44 0.15 -0.8607577076038079
0.44 0.16 -0.876347908168642
0.44 0.17 -0.8873701089147819
0.44 0.18 -0.8935280824471266
0.44 0.19 -0.8944284368118391
0.44 0.2 -0.8895531062730848
0.44 0.21 -0.8782165360537046
0.44 0.22 -0.8594967994066133
0.44 0.23 -0.8321187522190231
0.44 0.24 -0.7942401030121291
0.44 0.25 -0.7430139485316509
0.44 0.26 -0.673527913825305
0.44 0.27 -0.5753131213130477
0.45 0.01 -0.1412514908334789
0.45 0.02 -0.24207537782392283
0.45 0.03 -0.3272974543884198
0.45 0.04 -0.40212899856787054
0.45 0.05 -0.46899559358928156
0.45 0.06 -0.5292821548428766
0.45 0.07 -0.5838626872565242
0.45 0.08 -0.6333181303641435
0.45 0.09 -0.6780421783993559
0.45 0.1 -0.7182982401733422
0.45 0.11 -0.7542520164696762
0.45 0.12 -0.7859905263243628
0.45 0.13 -0.813532799685458
0.45 0.14 -0.8368348372564327
0.45 0.15 -0.855790052460239
0.45 0.16 -0.8702255383318487
0.45 0.17 -0.879893793809803
0.45 0.18 -0.8844587620760911
0.45 0.19 -0.8834739158732181
0.45 0.2 -0.8763482330546462
0.45 0.21 -0.8622923260221862
0.45 0.22 -0.8402295455702046
0.45 0.23 -0.8086397387514616
0.45 0.24 -0.7652584503214528
0.45 0.25 -0.7064137951278964
0.45 0.26 -0.6252015072687263
0.45 0.27 -0.5034860305757095
0.46 0.01 -0.14133435343296155
0.46 0.02 -0.24219592912945417
0.46 0.03 -0.3274080765380532
0.46 0.04 -0.402179190202273
0.46 0.05 -0.46893145950380255
0.46 0.06 -0.5290458073919935
0.46 0.07 -0.5833915371126428
0.46 0.08 -0.6325440374788551
0.46 0.09 -0.6768904247154038
0.46 0.1 -0.7166862726403489
0.46 0.11 -0.7520878904567818
0.46 0.12 -0.7831709528139023
0.46 0.13 -0.8099406601831056
0.46 0.14 -0.8323359707219036
0.46 0.15 -0.8502290260248643
0.46 0.16 -0.8634199655994941
0.46 0.17 -0.8716265196246598
0.46 0.18 -0.8744668106528235
0.46 0.19 -0.8714323367825914
0.46 0.2 -0.8618455214902496
0.46 0.21 -0.8447911040766531
0.46 0.22 -0.8189994999276603
0.46 0.23 -0.7826330248286067
0.46 0.24 -0.7328485447415618
0.46 0.25 -0.6647366975234636
0.46 0.26 -0.5678309159947987
0.47 0.01 -0.1413933956293202
0.47 0.02 -0.24226813915153153
0.47 0.03 -0.32744491915447604
0.47 0.04 -0.4021289985678704
0.47 0.05 -0.4687388853715083
0.47 0.06 -0.5286511725897204
0.47 0.07 -0.5827300608004798
0.47 0.08 -0.6315449057908638
0.47 0.09 -0.6754756584193703
0.47 0.1 -0.7147693329957441
0.47 0.11 -0.749571941302924
0.47 0.12 -0.7799466645521537
0.47 0.13 -0.8058833929688742
0.47 0.14 -0.8273021001625449
0.47 0.15 -0.8440510581378413
0.47 0.16 -0.8558998983067655
0.47 0.17 -0.8625265883296627
0.47 0.18 -0.8634961919024154
0.47 0.19 -0.8582273379004299
0.47 0.2 -0.8459387163317724
0.47 0.21 -0.8255604572554651
0.47 0.22 -0.7955780963342635
0.47 0.23 -0.7537319330303428
0.47 0.24 -0.6963540201174137
0.47 0.25 -0.6165432980342151
0.47 0.26 -0.49616674369418146
0.48 0.01 -0.14142876303497412
0.48 0.02 -0.2422921890824152
0.48 0.03 -0.3274080765380526
0.48 0.04 -0.4019782922636414
0.48 0.05 -0.468417354020748
0.48 0.06 -0.5280971598463559
0.48 0.07 -0.5818763708454125
0.48 0.08 -0.630317780733997
0.48 0.09 -0.6737935262015567
0.48 0.1 -0.7125412559475248
0.48 0.11 -0.7466956688140043
0.48 0.12 -0.7763061538648667
0.48 0.13 -0.8013456024876113
0.48 0.14 -0.8217127671459965
0.48 0.15 -0.8372290246867928
0.48 0.16 -0.8476293046667164
0.48 0.17 -0.852545830563664
0.48 0.18 -0.8514817786171222
0.48 0.19 -0.8437693226781309
0.48 0.2 -0.8285013928705158
0.48 0.21 -0.8044153129561415
0.48 0.22 -0.7696792347728766
0.48 0.23 -0.721454947699114
0.48 0.24 -0.6548372210493665
0.48 0.25 -0.5593629166660636
0.49 0.01 -0.1414405425418205
0.49 0.02 -0.2422681391515322
0.49 0.03 -0.3272974543884196
0.49 0.04 -0.40172667593498884
0.49 0.05 -0.4679659983225112
0.49 0.06 -0.5273822281679329
0.49 0.07 -0.5808280094880257
0.49 0.08 -0.6288589914566629
0.49 0.09 -0.6718387772251463
0.49 0.1 -0.7099947495187273
0.49 0.11 -0.7434491510708405
0.49 0.12 -0.7722361044074207
0.49 0.13 -0.7963095670505982
0.49 0.14 -0.8155444802437986
0.49 0.15 -0.8297317796426777
0.49 0.16 -0.8385667087325074
0.49 0.17 -0.8416285193221089
0.49 0.18 -0.8383476177805774
0.49 0.19 -0.8279525577074494
0.49 0.2 -0.8093817890960675
0.49 0.21 -0.7811279034277319
0.49 0.22 -0.740937204926794
0.49 0.23 -0.6851468633148706
0.49 0.24 -0.6068601731694132
0.49 0.25 -0.4879477975565849
0.5 0.01 -0.14142876303497412
0.5 0.02 -0.24219592912945417
0.5 0.03 -0.3271127689974086
0.5 0.04 -0.4013734867978422
0.5 0.05 -0.4673835933224645
0.5 0.06 -0.5265043716530465
0.5 0.07 -0.5795819245594352
0.5 0.08 -0.6271641130166206
0.5 0.09 -0.6696052060115644
0.5 0.1 -0.7071213106579697
0.5 0.11 -0.7398209212499158
0.5 0.12 -0.7677212121580804
0.5 0.13 -0.7907549781284522
0.5 0.14 -0.8087703321509405
0.5 0.15 -0.8215235844729938
0.5 0.16 -0.8286643215849386
0.5 0.17 -0.8297100071920085
0.5 0.18 -0.8240047058556507
0.5 0.19 -0.8106513404025095
0.5 0.2 -0.7883957019713079
0.5 0.21 -0.7554131669281035
0.5 0.22 -0.7088717229450471
0.5 0.23 -0.6438714789656957
0.5 0.24 -0.5499539081019775
0.51 0.01 -0.1413933956293202
0.51 0.02 -0.24207537782392283
0.51 0.03 -0.3268535448132529
0.51 0.04 -0.4009177887738055
0.51 0.05 -0.46666854501510524
0.51 0.06 -0.5254611003548199
0.51 0.07 -0.5781344389907549
0.51 0.08 -0.6252279198057302
0.51 0.09 -0.6670855831418118
0.51 0.1 -0.7039111237120506
0.51 0.11 -0.7357978199552757
0.51 0.12 -0.7627439707463525
0.51 0.13 -0.7846586265153275
0.51 0.14 -0.8013595355080734
0.51 0.15 -0.8125634090880975
0.51 0.16 -0.8178669614294599
0.51 0.17 -0.8167149995837197
0.51 0.18 -0.8083480969721691
0.51 0.19 -0.7917148437335084
0.51 0.2 -0.7653164674355397
0.51 0.21 -0.726906690362386
0.51 0.22 -0.6728291032105588
0.51 0.23 -0.5961925973173415
0.51 0.24 -0.47887274513274636
0.52 0.01 -0.141334353432962
0.52 0.02 -0.24190618155902618
0.52 0.03 -0.3265191103319235
0.52 0.04 -0.4003583641264396
0.52 0.05 -0.46581887554099566
0.52 0.06 -0.5242494161164998
0.52 0.07 -0.5764812132978497
0.52 0.08 -0.6230443291328096
0.52 0.09 -0.6642715720599163
0.52 0.1 -0.7003529390355492
0.52 0.11 -0.7313648187128376
0.52 0.12 -0.7572844140948972
0.52 0.13 -0.7779940238053349
0.52 0.14 -0.7932768578693201
0.52 0.15 -0.8028040700082222
0.52 0.16 -0.8061106995092321
0.52 0.17 -0.8025553407276105
0.52 0.18 -0.7912530837542936
0.52 0.19 -0.7709600285830074
0.52 0.2 -0.7398603811978937
0.52 0.21 -0.6951297700120112
0.52 0.22 -0.6318749820746009
0.52 0.23 -0.5396433853717707
0.53 0.01 -0.1412514908334789
0.53 0.02 -0.2416879116106225
0.53 0.03 -0.32610859224050326
0.53 0.04 -0.39969370243979213
0.53 0.05 -0.464832204512975
0.53 0.06 -0.5228657828748918
0.53 0.07 -0.5746172002075568
0.53 0.08 -0.6206063336218546
0.53 0.09 -0.6611536298383552
0.53 0.1 -0.6964339283277461
0.53 0.11 -0.7265048091517352
0.53 0.12 -0.7513198074445732
0.53 0.13 -0.7707309442733328
0.53 0.14 -0.7844819301320525
0.53 0.15 -0.7921911596425513
0.53 0.16 -0.7933211445496956
0.53 0.17 -0.7871271355111285
0.53 0.18 -0.7725700586394862
0.53 0.19 -0.7481616438891561
0.53 0.2 -0.7116646658434838
0.53 0.21 -0.6594306130706742
0.53 0.22 -0.5845753531280463
0.53 0.23 -0.46898070055073615
0.54 0.01 -0.14114460229464446
0.54 0.02 -0.24142001055221882
0.54 0.03 -0.32562090770415886
0.54 0.04 -0.39892198672619833
0.54 0.05 -0.4637057260920371
0.54 0.06 -0.5213060907928934
0.54 0.07 -0.5725365903837437
0.54 0.08 -0.6179059207546274
0.54 0.09 -0.6577208892390006
0.54 0.1 -0.6921395124262437
0.54 0.11 -0.7211983509533899
0.54 0.12 -0.7448242753357549
0.54 0.13 -0.7628348677725179
0.54 0.14 -0.7749283943322947
0.54 0.15 -0.7806617038613859
0.54 0.16 -0.7794112428508951
0.54 0.17 -0.770306947337756
0.54 0.18 -0.7521174468212123
0.54 0.19 -0.7230376723531271
0.54 0.2 -0.6802525617765702
0.54 0.21 -0.6188770981268257
0.54 0.22 -0.5284659728209816
0.55 0.01 -0.14101342064258762
0.55 0.02 -0.24110178744524055
0.55 0.03 -0.32505475465144806
0.55 0.04 -0.3980410763889803
0.55 0.05 -0.4624361813347565
0.55 0.06 -0.5195656134251286
0.55 0.07 -0.5702327479608768
0.55 0.08 -0.6149339774836338
0.55 0.09 -0.6539610187455535
0.55 0.1 -0.6874531561916724
0.55 0.11 -0.7154233697776617
0.55 0.12 -0.7377683518151118
0.55 0.13 -0.754266298188788
0.55 0.14 -0.7645628449791064
0.55 0.15 -0.7681424609325789
0.55 0.16 -0.7642784175523373
0.55 0.17 -0.7519466804285961
0.55 0.18 -0.7296717317023987
0.55 0.19 -0.695227328155599
0.55 0.2 -0.6449745659007626
0.55 0.21 -0.5720378556921979
0.55 0.22 -0.4583067419563708
0.56 0.01 -0.1408576148111135
0.56 0.02 -0.2407324117853211
0.56 0.03 -0.3244085998711447
0.56 0.04 -0.397048486694858
0.56 0.05 -0.46101982521777407
0.56 0.06 -0.5176389569318919
0.56 0.07 -0.567698134286705
0.56 0.08 -0.6116801773411238
0.56 0.09 -0.6498600564130704
0.56 0.1 -0.6823561237104108
0.56 0.11 -0.7091547939226908
0.56 0.12 -0.7301184337103229
0.56 0.13 -0.7449799236440011
0.56 0.14 -0.7533235014711583
0.56 0.15 -0.7545477393941908
0.56 0.16 -0.7478007878271001
0.56 0.17 -0.731866538427848
0.56 0.18 -0.7049529315657398
0.56 0.19 -0.6642561853967037
0.56 0.2 -0.6049012377113294
0.56 0.21 -0.5164517295840452
0.57 0.01 -0.140676787005687
0.57 0.02 -0.24031090609102732
0.57 0.03 -0.32368066468586865
0.57 0.04 -0.3959413643277198
0.57 0.05 -0.4594523876057123
0.57 0.06 -0.5155200001272077
0.57 0.07 -0.5649242178976827
0.57 0.08 -0.608132846841823
0.57 0.09 -0.6454022123207087
0.57 0.1 -0.6768271852136556
0.57 0.11 -0.7023641152232005
0.57 0.12 -0.7218361118066904
0.57 0.13 -0.7349235729891574
0.57 0.14 -0.7411385251278904
0.57 0.15 -0.7397765589688949
0.57 0.16 -0.7298320771605934
0.57 0.17 -0.7098450811335313
0.57 0.18 -0.677602635101357
0.57 0.19 -0.6294774627004389
0.57 0.2 -0.5586043359007411
0.57 0.21 -0.4468822273099011
0.58 0.01 -0.1404704692341067
0.58 0.02 -0.23983613699258896
0.58 0.03 -0.3228689079118111
0.58 0.04 -0.39471645849636333
0.58 0.05 -0.4577290272605804
0.58 0.06 -0.5132018238649284
0.58 0.07 -0.5619013682792403
0.58 0.08 -0.6042788071814715
0.58 0.09 -0.6405696330483431
0.58 0.1 -0.6708422647097603
0.58 0.11 -0.6950188553284316
0.58 0.12 -0.7128773464901706
0.58 0.13 -0.724036906596671
0.58 0.14 -0.7279238589926866
0.58 0.15 -0.7237088960162332
0.58 0.16 -0.7101946035142642
0.58 0.17 -0.6856047392599391
0.58 0.18 -0.6471491760519256
0.58 0.19 -0.5899648856649662
0.58 0.2 -0.5036263489129764
0.58 0.21 -0.33848841517111183
0.59 0.01 -0.14023811913876508
0.59 0.02 -0.23930680464446483
0.59 0.03 -0.32197100574738624
0.59 0.04 -0.39337008694949266
0.59 0.05 -0.45584427778487624
0.59 0.06 -0.5106766279170613
0.59 0.07 -0.5586187303691587
0.59 0.08 -0.600103186215093
0.59 0.09 -0.6353421198197512
0.59 0.1 -0.6643740141373768
0.59 0.11 -0.6870819125701526
0.59 0.12 -0.703191442867875
0.59 0.13 -0.712249755573674
0.59 0.14 -0.7135804152570528
0.59 0.15 -0.7062006236212317
0.59 0.16 -0.6886693744001012
0.59 0.17 -0.6587898964221071
0.59 0.18 -0.6129489744267081
0.59 0.19 -0.5442938928918521
0.59 0.2 -0.4347350310753706
0.6 0.01 -0.13997911505010677
0.6 0.02 -0.23872143024574852
0.6 0.03 -0.3209843281538499
0.6 0.04 -0.3918980961059699
0.6 0.05 -0.4537919841363808
0.6 0.06 -0.5079356330604671
0.6 0.07 -0.5550640760074191
0.6 0.08 -0.5955891943835185
0.6 0.09 -0.6296967896155902
0.6 0.1 -0.6573912955605896
0.6 0.11 -0.6785107564588091
0.6 0.12 -0.6927197639682886
0.6 0.13 -0.6994799883007612
0.6 0.14 -0.6979903527485256
0.6 0.15 -0.6870765403276855
0.6 0.16 -0.6649816483256891
0.6 0.17 -0.6289321206163521
0.6 0.18 -0.5740794686013392
0.6 0.19 -0.4900112525132556
0.61 0.01 -0.1396927501628852
0.61 0.02 -0.23807834140470516
0.61 0.03 -0.31990591119414924
0.61 0.04 -0.3902958143296104
0.61 0.05 -0.4515652280359227
0.61 0.06 -0.5049689655345583
0.61 0.07 -0.5512236275673928
0.61 0.08 -0.5907178565402227
0.61 0.09 -0.6236076654467512
0.61 0.1 -0.6498585470930496
0.61 0.11 -0.6692564254149753
0.61 0.12 -0.6813940968931439
0.61 0.13 -0.6856307300948228
0.61 0.14 -0.681012055791868
0.61 0.15 -0.6661205120982638
0.61 0.16 -0.6387790738170945
0.61 0.17 -0.5953915752867995
0.61 0.18 -0.5291204075229546
0.61 0.19 -0.42188970550457916
0.62 0.01 -0.1393782257153068
0.62 0.02 -0.23737565502609434
0.62 0.03 -0.31873242467772667
0.62 0.04 -0.3885579971562804
0.62 0.05 -0.4491562401912571
0.62 0.06 -0.5017655203269266
0.62 0.07 -0.5470818477488703
0.62 0.08 -0.5854676893673616
0.62 0.09 -0.6170451777884575
0.62 0.1 -0.6417350001879234
0.62 0.11 -0.6592622670909967
0.62 0.12 -0.669134551777682
0.62 0.13 -0.6705866796523954
0.62 0.14 -0.6624732100108179
0.62 0.15 -0.6430610909808447
0.62 0.16 -0.6095969909347602
0.62 0.17 -0.5572500377839154
0.62 0.18 -0.47562357460104254
0.63 0.01 -0.13903464302527282
0.63 0.02 -0.23661125732957863
0.63 0.03 -0.317460134312617
0.63 0.04 -0.386678763003835
0.63 0.05 -0.4465562967555404
0.63 0.06 -0.49831279883603685
0.63 0.07 -0.5426211878729578
0.63 0.08 -0.5798143110531002
0.63 0.09 -0.6099755534632186
0.63 0.1 -0.6329737046557808
0.63 0.11 -0.6484623371093872
0.63 0.12 -0.6558468205739277
0.63 0.13 -0.6542091351443191
0.63 0.14 -0.6421610016744741
0.63 0.15 -0.6175497243317547
0.63 0.16 -0.5767999288637774
0.63 0.17 -0.5130922990982996
0.63 0.18 -0.40836756587780265
0.64 0.01 -0.138660994206416
0.64 0.02 -0.23578278052097465
0.64 0.03 -0.3160848573838685
0.64 0.04 -0.3846515175459308
0.64 0.05 -0.4437555967936143
0.64 0.06 -0.4945967152814671
0.64 0.07 -0.5378217848512442
0.64 0.08 -0.573729965833677
0.64 0.09 -0.6023600603663531
0.64 0.1 -0.6235203017219064
0.64 0.11 -0.6367793372926784
0.64 0.12 -0.6414185408766498
0.64 0.13 -0.6363291275529157
0.64 0.14 -0.6198078067131294
0.64 0.15 -0.5891261430045591
0.64 0.16 -0.5394747320502308
0.64 0.17 -0.4604760227583935
0.65 0.01 -0.13825615134799843
0.65 0.02 -0.234887575530726
0.65 0.03 -0.314601910748464
0.65 0.04 -0.38246886448619904
0.65 0.05 -0.4407431166969572
0.65 0.06 -0.49060136468698146
0.65 0.07 -0.5326610941061324
0.65 0.08 -0.5671829404469788
0.65 0.09 -0.5941540653545946
0.65 0.1 -0.6133114621693301
0.65 0.11 -0.6241219219643535
0.65 0.12 -0.6257143796885
0.65 0.13 -0.6167376905029252
0.65 0.14 -0.5950694867494579
0.65 0.15 -0.5571599667531937
0.65 0.16 -0.49621209507690034
0.65 0.17 -0.3941866941326375
0.66 0.01 -0.13781885389501528
0.66 0.02 -0.23392268009977776
0.66 0.03 -0.31300604964730405
0.66 0.04 -0.3801224998992649
0.66 0.05 -0.4375064364045732
0.66 0.06 -0.4863087432151768
0.66 0.07 -0.5271134418060094
0.66 0.08 -0.5601368418512565
0.66 0.09 -0.5853058468305127
0.66 0.1 -0.6022728722088104
0.66 0.11 -0.6103811195677618
0.66 0.12 -0.6085692373642096
0.66 0.13 -0.5951716362077575
0.66 0.14 -0.5674908852226384
0.66 0.15 -0.5207439656326922
0.66 0.16 -0.44457659281523754
0.67 0.01 -0.13734769390536342
0.67 0.02 -0.23288478132391385
0.67 0.03 -0.311291395465361
0.67 0.04 -0.3776030865675903
0.67 0.05 -0.43403153086279345
0.67 0.06 -0.48169840889216153
0.67 0.07 -0.5211494744232509
0.67 0.08 -0.5525496947520869
0.67 0.09 -0.5757550806369219
0.67 0.1 -0.5903165976839679
0.67 0.11 -0.5954254871495213
0.67 0.12 -0.5897786044831933
0.67 0.13 -0.5712919595472592
0.67 0.14 -0.5364475681671139
0.67 0.15 -0.47847576624040133
0.67 0.16 -0.37936184912310134
0.68 0.01 -0.1368410987863428
0.68 0.02 -0.23177017155292964
0.68 0.03 -0.30945135009579594
0.68 0.04 -0.3749001037802983
0.68 0.05 -0.43030251826547217
0.68 0.06 -0.4767470670483648
0.68 0.07 -0.5147354761925044
0.68 0.08 -0.544372802039377
0.68 0.09 -0.5654308839322705
0.68 0.1 -0.5773375765096713
0.68 0.11 -0.5790944014465913
0.68 0.12 -0.5690844459435854
0.68 0.13 -0.5446494696686683
0.68 0.14 -0.5010392570800393
0.68 0.15 -0.4279281013647449
0.69 0.01 -0.13629731101837841
0.69 0.02 -0.23057469626607927
0.69 0.03 -0.3074784939469374
0.69 0.04 -0.37200166679072616
0.69 0.05 -0.4263013540765078
0.69 0.06 -0.47142805970830615
0.69 0.07 -0.5078325145824313
0.69 0.08 -0.5355492887793789
0.69 0.09 -0.5542492503074489
0.69 0.1 -0.5632088603905161
0.69 0.11 -0.561188523998859
0.69 0.12 -0.5461537406090399
0.69 0.13 -0.5146267023242947
0.69 0.14 -0.4598717547514797
0.69 0.15 -0.3639042633186407
0.7 0.01 -0.13571436425360797
0.7 0.02 -0.22929369219045245
0.7 0.03 -0.3053644638229752
0.7 0.04 -0.3688943084385769
0.7 0.05 -0.42200745638653225
0.7 0.06 -0.46571073107777783
0.7 0.07 -0.5003953589144362
0.7 0.08 -0.5260122170858696
0.7 0.09 -0.5421096295433588
0.7 0.1 -0.5477750142319919
0.7 0.11 -0.5414558208963254
0.7 0.12 -0.5205442845527207
0.7 0.13 -0.4803315724120716
0.7 0.14 -0.41052747963297587
0.7 0.15 -0.26161028979789713
0.71 0.01 -0.135090055022446
0.71 0.02 -0.2279219134666721
0.71 0.03 -0.30309980584032437
0.71 0.04 -0.36556271316518324
0.71 0.05 -0.4173972434084402
0.71 0.06 -0.4595596312741682
0.71 0.07 -0.49237109542732893
0.71 0.08 -0.5156821086330032
0.71 0.09 -0.5288902777303582
0.71 0.1 -0.5308427169830827
0.71 0.11 -0.5195702741458004
0.71 0.12 -0.4916468231449488
0.71 0.13 -0.4403795846024139
0.71 0.14 -0.34782129350761104
0.72 0.01 -0.13442190908097965
0.72 0.02 -0.22645344305871415
0.72 0.03 -0.3006737971128278
0.72 0.04 -0.3619893905462574
0.72 0.05 -0.4124435572934583
0.72 0.06 -0.45293350608814664
0.72 0.07 -0.48369732961485823
0.72 0.08 -0.5044636328841514
0.72 0.09 -0.5144417924797396
0.72 0.1 -0.5121669531736528
0.72 0.11 -0.4950979047351658
0.72 0.12 -0.45857898846071043
0.72 0.13 -0.39236474211373307
0.73 0.01 -0.13370714117020546
0.73 0.02 -0.22488158579771775
0.73 0.03 -0.2980742280074856
0.73 0.04 -0.3581542711807137
0.73 0.05 -0.4071149390688239
0.73 0.06 -0.44578399957907944
0.73 0.07 -0.47429981727423043
0.73 0.08 -0.4922410930760579
0.73 0.09 -0.4985778856209361
0.73 0.1 -0.49142994416581365
0.73 0.11 -0.4674391896523795
0.73 0.12 -0.419967884377877
0.73 0.13 -0.33111587437292656
0.74 0.01 -0.13294260661236237
0.74 0.02 -0.2231987383667335
0.74 0.03 -0.2952871341295681
0.74 0.04 -0.35403420177316697
0.74 0.05 -0.401374705989303
0.74 0.06 -0.4380539650073084
0.74 0.07 -0.4640892886587463
0.74 0.08 -0.47887213334400536
0.74 0.09 -0.48106179468265264
0.74 0.1 -0.46820745620862536
0.74 0.11 -0.4357233738234265
0.74 0.12 -0.37342149540221514
0.75 0.01 -0.13212474270853694
0.75 0.02 -0.22139623006305872
0.75 0.03 -0.2922964635321189
0.75 0.04 -0.3496023077156926
0.75 0.05 -0.39517976278159417
0.75 0.06 -0.42967523186070766
0.75 0.07 -0.45295710642987774
0.75 0.08 -0.4641787314170067
0.75 0.09 -0.4615854991889189
0.75 0.1 -0.44191159204178376
0.75 0.11 -0.39859155531427026
0.75 0.12 -0.3137856940189724
0.76 0.01 -0.13124949727989269
0.76 0.02 -0.2194641261539085
0.76 0.03 -0.2890836594924048
0.76 0.04 -0.344827179138202
0.76 0.05 -0.3884790486045221
0.76 0.06 -0.4205656020251206
0.76 0.07 -0.4407691928303029
0.76 0.08 -0.447933895193501
0.76 0.09 -0.4397364033483476
0.76 0.1 -0.4116856029871807
0.76 0.11 -0.3536687738968449
0.77 0.01 -0.13031224084646978
0.77 0.02 -0.21739098282577693
0.77 0.03 -0.2856271318384459
0.77 0.04 -0.33967181822667797
0.77 0.05 -0.3812114761393043
0.77 0.06 -0.4106247278302152
0.77 0.07 -0.4273573075195679
0.77 0.08 -0.4298412537178695
0.77 0.09 -0.4149406278573412
0.77 0.1 -0.37618765393774667
0.77 0.11 -0.29582196114219617
0.78 0.01 -0.1293076577650291
0.78 0.02 -0.21516353874796998
0.78 0.03 -0.28190157911553204
0.78 0.04 -0.33409225828938033
0.78 0.05 -0.3733031478960719
0.78 0.06 -0.3997283244052957
0.78 0.07 -0.41250611887255595
0.78 0.08 -0.40950224011152536
0.78 0.09 -0.3863585018208514
0.78 0.1 -0.33306385470730615
0.79 0.01 -0.12822961000451896
0.79 0.02 -0.21276632255430147
0.79 0.03 -0.2778771080494965
0.79 0.04 -0.3280357230222308
0.79 0.05 -0.3646635194815354
0.79 0.06 -0.3877198222767678
0.79 0.07 -0.3959332952368654
0.79 0.08 -0.38636006324434624
0.79 0.09 -0.352669270564116
0.79 0.1 -0.2772075482582631
0.8 0.01 -0.12707096490082162
0.8 0.02 -0.21018114719069533
0.8 0.03 -0.2735180728240866
0.8 0.04 -0.3214381280731874
0.8 0.05 -0.3551799867526425
0.8 0.06 -0.3743979389835158
0.8 0.07 -0.37725736776816776
0.8 0.08 -0.35959614251437455
0.8 0.09 -0.3115454651531009
0.81 0.01 -0.12582337485286157
0.81 0.02 -0.20738644962294803
0.81 0.03 -0.26878151963752617
0.81 0.04 -0.31422061914107824
0.81 0.05 -0.34471003876427575
0.81 0.06 -0.35949745027187296
0.81 0.07 -0.3559426449939075
0.81 0.08 -0.3279161538634653
0.81 0.09 -0.25791414145028224
0.82 0.01 -0.12447699194553233
0.82 0.02 -0.20435641543611613
0.82 0.03 -0.2636150631288988
0.82 0.04 -0.30628465951033534
0.82 0.05 -0.33306950935306057
0.82 0.06 -0.34265799585408263
0.82 0.07 -0.3311969858277509
0.82 0.08 -0.28902635015666356
0.82 0.09 -0.16713741160007956
0.83 0.01 -0.12302009300804598
0.83 0.02 -0.20105979828165463
0.83 0.03 -0.25795392488662217
0.83 0.04 -0.29750486299568724
0.83 0.05 -0.3200142912840075
0.83 0.06 -0.32337033223531997
0.83 0.07 -0.30175979647273743
0.83 0.08 -0.23789773474478215
0.84 0.01 -0.12143857913038128
0.84 0.02 -0.19745829673992785
0.84 0.03 -0.25171670100666643
0.84 0.04 -0.2877181885041308
0.84 0.05 -0.30521048029878395
0.84 0.06 -0.3008760566421278
0.84 0.07 -0.265381285333941
0.84 0.08 -0.149951174236023
0.85 0.01 -0.11971529557113994
0.85 0.02 -0.19350427287675817
0.85 0.03 -0.24479913803999642
0.85 0.04 -0.2767069924959633
0.85 0.05 -0.2881825788813043
0.85 0.06 -0.2739585384834391
0.85 0.07 -0.2170912178918255
0.86 0.01 -0.11782908869096467
0.86 0.02 -0.18913746282722485
0.86 0.03 -0.2370646658917701
0.86 0.04 -0.2641711239944672
0.86 0.05 -0.26821615476688165
0.86 0.06 -0.240426755596853
0.87 0.01 -0.11575346755590724
0.87 0.02 -0.1842800911015748
0.87 0.03 -0.22832940126502022
0.87 0.04 -0.24967906295344733
0.87 0.05 -0.24415335375809366
0.87 0.06 -0.19539152951177363
0.88 0.01 -0.11345465289945725
0.88 0.02 -0.17882935448682888
0.88 0.03 -0.2183371772920466
0.88 0.04 -0.2325751601409881
0.88 0.05 -0.21388421638060628
0.89 0.01 -0.11088864244926225
0.89 0.02 -0.17264536013057605
0.89 0.03 -0.20671526329496437
0.89 0.04 -0.21178263038327305
0.89 0.05 -0.1726358215535554
0.9 0.01 -0.10799662948600855
0.9 0.02 -0.16553073658253556
0.9 0.03 -0.19288908511457348
0.9 0.04 -0.18530777764480988
0.91 0.01 -0.10469752235339139
0.91 0.02 -0.15719383401622453
0.91 0.03 -0.1758981267945855
0.91 0.04 -0.14855302995363717
0.92 0.01 -0.1008750359757398
0.92 0.02 -0.14717635301317863
0.92 0.03 -0.15392404693161843
0.93 0.01 -0.0963538005490017
0.93 0.02 -0.1346931375309147
0.93 0.03 -0.12265219348266637
0.94 0.01 -0.09085088162175817
0.94 0.02 -0.11820877114824688
0.94 0.03 -0.05866120349132947
0.95 0.01 -0.08386405297072899
0.95 0.02 -0.09391081897508155
0.96 0.01 -0.07436011995985661
0.96 0.02 -0.039411103998776814
0.97 0.01 -0.0595598380809598
0.98 0.01 -0.01985427075000004