2410
0.01 0.01 -0.006608522791204219
0.01 0.02 -0.04980605094154
0.01 0.03 -0.08417346173691953
0.01 0.04 -0.1142624030918073
0.01 0.05 -0.14171545697830884
0.01 0.06 -0.16731420977114886
0.01 0.07 -0.19148972481828108
0.01 0.08 -0.21450251064112869
0.01 0.09 -0.23651972729466464
0.01 0.1 -0.2576529032143524
0.01 0.11 -0.27797816055762425
0.01 0.12 -0.2975478489443618
0.01 0.13 -0.3163976106573687
0.01 0.14 -0.3345508577283375
0.01 0.15 -0.3520217041714757
0.01 0.16 -0.3688169340678683
0.01 0.17 -0.3849373437301773
0.01 0.18 -0.400378662446229
0.01 0.19 -0.4151321792257915
0.01 0.2 -0.42918515677221514
0.01 0.21 -0.4425210851646345
0.01 0.22 -0.45511980919061856
0.01 0.23 -0.46695755080322265
0.01 0.24 -0.47800683937513866
0.01 0.25 -0.488236355803775
0.01 0.26 -0.49761069112164313
0.01 0.27 -0.5060900154081269
0.01 0.28 -0.5136296479433997
0.01 0.29 -0.5201795141954271
0.01 0.3 -0.5256834688458724
0.01 0.31 -0.5300784559682475
0.01 0.32 -0.5332934667530265
0.01 0.33 -0.5352482404939236
0.01 0.34 -0.5358516338802864
0.01 0.35 -0.5349995538021156
0.01 0.36 -0.5325723047219391
0.01 0.37 -0.5284311346195093
0.01 0.38 -0.5224136587722611
0.01 0.39 -0.5143276717166518
0.01 0.4 -0.5039425752215614
0.01 0.41 -0.4909771571391498
0.01 0.42 -0.47508155152433673
0.01 0.43 -0.4558094472730563
0.01 0.44 -0.43257290850745667
0.01 0.45 -0.40456361119186446
0.01 0.46 -0.3706018632807786
0.01 0.47 -0.32880449980039544
0.01 0.48 -0.2756718867843643
0.01 0.49 -0.20208794918772993
0.02 0.01 0.02649152658073764
0.02 0.02 -0.03305604107618537
0.02 0.03 -0.07918977588382176
0.02 0.04 -0.11849137425780132
0.02 0.05 -0.15351894468252325
0.02 0.06 -0.1855488092413613
0.02 0.07 -0.21531054233623081
0.02 0.08 -0.2432588590689495
0.02 0.09 -0.26969441599401855
0.02 0.1 -0.2948244466327027
0.02 0.11 -0.31879599747428833
0.02 0.12 -0.3417154022941189
0.02 0.13 -0.3636603040462201
0.02 0.14 -0.38468739096241333
0.02 0.15 -0.40483754287094376
0.02 0.16 -0.4241393455667011
0.02 0.17 -0.4426115384759315
0.02 0.18 -0.4602647416302348
0.02 0.19 -0.47710268028488656
0.02 0.2 -0.4931230483339907
0.02 0.21 -0.5083181033956433
0.02 0.22 -0.5226750552228113
0.02 0.23 -0.5361762881967944
0.02 0.24 -0.5487994440971793
0.02 0.25 -0.5605173806708614
0.02 0.26 -0.5712980131697746
0.02 0.27 -0.5811040389112169
0.02 0.28 -0.5898925382157351
0.02 0.29 -0.5976144380811934
0.02 0.3 -0.6042138169268152
0.02 0.31 -0.6096270188163121
0.02 0.32 -0.6137815325801287
0.02 0.33 -0.6165945735208145
0.02 0.34 -0.6179712803421998
0.02 0.35 -0.6178024035399754
0.02 0.36 -0.6159613070939349
0.02 0.37 -0.6123000216777522
0.02 0.38 -0.6066439550434856
0.02 0.39 -0.5987846477663867
0.02 0.4 -0.5884695914148501
0.02 0.41 -0.5753874629773867
0.02 0.42 -0.5591458770180363
0.02 0.43 -0.5392362280257822
0.02 0.44 -0.5149746405406015
0.02 0.45 -0.48539443881828315
0.02 0.46 -0.4490268891731266
0.02 0.47 -0.40337026580745683
0.02 0.48 -0.3431438356230088
0.03 0.01 0.06109236160340664
0.03 0.02 -0.011061675713105956
0.03 0.03 -0.06687322888495872
0.03 0.04 -0.11404586242101772
0.03 0.05 -0.15571076231938585
0.03 0.06 -0.19347909905440297
0.03 0.07 -0.22829382937137377
0.03 0.08 -0.2607542486201343
0.03 0.09 -0.2912635763611223
0.03 0.1 -0.3201044452785713
0.03 0.11 -0.34748093381710354
0.03 0.12 -0.3735435275542234
0.03 0.13 -0.39840471075562667
0.03 0.14 -0.42214910693375307
0.03 0.15 -0.4448402926913667
0.03 0.16 -0.46652549742590343
0.03 0.17 -0.4872389113842641
0.03 0.18 -0.5070040482733592
0.03 0.19 -0.525835446360327
0.03 0.2 -0.5437398931764894
0.03 0.21 -0.5607172967380429
0.03 0.22 -0.5767612857823621
0.03 0.23 -0.5918595943847573
0.03 0.24 -0.6059942674118051
0.03 0.25 -0.6191417094664751
0.03 0.26 -0.6312725892761195
0.03 0.27 -0.6423516024855249
0.03 0.28 -0.6523370875012969
0.03 0.29 -0.6611804804915675
0.03 0.3 -0.668825585964014
0.03 0.31 -0.6752076274434267
0.03 0.32 -0.6802520271988909
0.03 0.33 -0.6838728426243168
0.03 0.34 -0.6859707565181903
0.03 0.35 -0.6864304739541791
0.03 0.36 -0.6851173110725804
0.03 0.37 -0.6818726561332332
0.03 0.38 -0.6765078140579286
0.03 0.39 -0.6687954630213053
0.03 0.4 -0.6584574585592254
0.03 0.41 -0.645146816089455
0.03 0.42 -0.6284199395175731
0.03 0.43 -0.607691459513386
0.03 0.44 -0.5821554862453382
0.03 0.45 -0.5506346441340744
0.03 0.46 -0.5112479802509636
0.03 0.47 -0.46049798047737645
0.03 0.48 -0.3892706087200289
0.04 0.01 0.09515349499089754
0.04 0.02 0.01271064810667949
0.04 0.03 -0.05133841067976819
0.04 0.04 -0.1053934850558963
0.04 0.05 -0.15297293671330658
0.04 0.06 -0.1959273672889259
0.04 0.07 -0.2353587517423268
0.04 0.08 -0.2719776022675784
0.04 0.09 -0.3062680445871655
0.04 0.1 -0.3385734184900202
0.04 0.11 -0.3691445042927741
0.04 0.12 -0.39816845728510164
0.04 0.13 -0.4257870456739967
0.04 0.14 -0.45210860991567603
0.04 0.15 -0.4772161598903546
0.04 0.16 -0.5011730005192323
0.04 0.17 -0.5240267205306465
0.04 0.18 -0.5458120634021622
0.04 0.19 -0.5665530128576116
0.04 0.2 -0.5862643109439433
0.04 0.21 -0.6049525543402533
0.04 0.22 -0.6226169673014543
0.04 0.23 -0.6392499177859214
0.04 0.24 -0.6548372210493665
0.04 0.25 -0.6693582587032382
0.04 0.26 -0.6827859285984513
0.04 0.27 -0.6950864302893779
0.04 0.28 -0.7062188810313867
0.04 0.29 -0.7161347471985858
0.04 0.3 -0.72477706457921
0.04 0.31 -0.7320794068954812
0.04 0.32 -0.7379645433139704
0.04 0.33 -0.7423427000263547
0.04 0.34 -0.745109304084
0.04 0.35 -0.7461420328903361
0.04 0.36 -0.7452969088325049
0.04 0.37 -0.7424030457405791
0.04 0.38 -0.7372554362055848
0.04 0.39 -0.7296047975189901
0.04 0.4 -0.7191428306449916
0.04 0.41 -0.7054799941811902
0.04 0.42 -0.6881103661802392
0.04 0.43 -0.6663526117596077
0.04 0.44 -0.6392424685551301
0.04 0.45 -0.6053135034094004
0.04 0.46 -0.5620661913221308
0.04 0.47 -0.5042219123480509
0.05 0.01 0.12812930780940085
0.05 0.02 0.03698379396546353
0.05 0.03 -0.03424422428491258
0.05 0.04 -0.09442006812773107
0.05 0.05 -0.147337867754185
0.05 0.06 -0.19502641877846472
0.05 0.07 -0.23870999675286597
0.05 0.08 -0.27918687795363817
0.05 0.09 -0.31700637003908305
0.05 0.1 -0.35256156247001347
0.05 0.11 -0.3861420564061695
0.05 0.12 -0.41796585619006676
0.05 0.13 -0.44819961643905537
0.05 0.14 -0.47697200594751765
0.05 0.15 -0.5043828106083954
0.05 0.16 -0.5305092939012055
0.05 0.17 -0.5554107317547428
0.05 0.18 -0.5791316949243761
0.05 0.19 -0.6017044477478186
0.05 0.2 -0.6231507063676236
0.05 0.21 -0.6434829195365881
0.05 0.22 -0.6627051826798049
0.05 0.23 -0.6808138603822864
0.05 0.24 -0.697797967544876
0.05 0.25 -0.7136393411400876
0.05 0.26 -0.7283126202155399
0.05 0.27 -0.7417850397305267
0.05 0.28 -0.7540160325791005
0.05 0.29 -0.76495662251418
0.05 0.3 -0.7745485773425418
0.05 0.31 -0.7827232751136964
0.05 0.32 -0.7894002138688616
0.05 0.33 -0.7944850645415586
0.05 0.34 -0.7978671215736283
0.05 0.35 -0.7994159380819273
0.05 0.36 -0.7989768271353718
0.05 0.37 -0.7963647413642072
0.05 0.38 -0.7913557602761632
0.05 0.39 -0.7836749214221598
0.05 0.4 -0.7729782268663602
0.05 0.41 -0.7588248931019315
0.05 0.42 -0.7406322083921835
0.05 0.43 -0.7175968026589812
0.05 0.44 -0.6885436977651629
0.05 0.45 -0.6515942300626062
0.05 0.46 -0.6032530795353438
0.05 0.47 -0.5344083210204406
0.06 0.01 0.15986361168471247
0.06 0.02 0.06117266792433107
0.06 0.03 -0.016421231159158278
0.06 0.04 -0.082111502553884
0.06 0.05 -0.1398965192474989
0.06 0.06 -0.19194181541316713
0.06 0.07 -0.23956808452366096
0.06 0.08 -0.2836442917901254
0.06 0.09 -0.3247731696921051
0.06 0.1 -0.36338917860336983
0.06 0.11 -0.3998145971370006
0.06 0.12 -0.4342936647065503
0.06 0.13 -0.4670143844367921
0.06 0.14 -0.4981229908097393
0.06 0.15 -0.5277338529797593
0.06 0.16 -0.5559364264329544
0.06 0.17 -0.5828002311347138
0.06 0.18 -0.6083784702737637
0.06 0.19 -0.6327106864009475
0.06 0.2 -0.655824717411013
0.06 0.21 -0.6777381290504629
0.06 0.22 -0.6984592441671031
0.06 0.23 -0.7179878505241379
0.06 0.24 -0.7363156419165379
0.06 0.25 -0.7534264273095949
0.06 0.26 -0.7692961269793747
0.06 0.27 -0.7838925612023511
0.06 0.28 -0.7971750243689091
0.06 0.29 -0.8090936240699875
0.06 0.3 -0.8195883491984433
0.06 0.31 -0.8285878114845592
0.06 0.32 -0.8360075784145078
0.06 0.33 -0.8417479779871881
0.06 0.34 -0.8456912005271258
0.06 0.35 -0.8476974384936319
0.06 0.36 -0.8475996721562972
0.06 0.37 -0.8451964911319181
0.06 0.38 -0.8402419703370367
0.06 0.39 -0.83243095542162
0.06 0.4 -0.8213768601836939
0.06 0.41 -0.8065765492933323
0.06 0.42 -0.7873513246374362
0.06 0.43 -0.7627394276674089
0.06 0.44 -0.7312768114202528
0.06 0.45 -0.6904662334814615
0.06 0.46 -0.6350312657857823
0.07 0.01 0.1903317521688911
0.07 0.02 0.0849784089515373
0.07 0.03 0.001663864608492771
0.07 0.04 -0.06904587798183537
0.07 0.05 -0.1313051061290692
0.07 0.06 -0.18738685567533941
0.07 0.07 -0.23868936694844778
0.07 0.08 -0.28613950481189776
0.07 0.09 -0.3303844204580658
0.07 0.1 -0.3718934028450003
0.07 0.11 -0.41101653076836153
0.07 0.12 -0.44802056161570514
0.07 0.13 -0.48311195926014994
0.07 0.14 -0.5164522419340976
0.07 0.15 -0.5481685308753819
0.07 0.16 -0.5783609830365009
0.07 0.17 -0.6071081326373131
0.07 0.18 -0.6344707871779289
0.07 0.19 -0.6604948963940904
0.07 0.2 -0.6852136717304125
0.07 0.21 -0.7086491436432296
0.07 0.22 -0.7308132843960402
0.07 0.23 -0.7517087832828289
0.07 0.24 -0.7713295323288458
0.07 0.25 -0.7896608590149485
0.07 0.26 -0.8066795254905409
0.07 0.27 -0.8223534989611379
0.07 0.28 -0.8366414837533973
0.07 0.29 -0.8494921903654487
0.07 0.3 -0.8608432988007241
0.07 0.31 -0.8706200503113406
0.07 0.32 -0.8787333699378139
0.07 0.33 -0.8850773766224399
0.07 0.34 -0.8895260694987803
0.07 0.35 -0.8919288733383605
0.07 0.36 -0.8921045565282624
0.07 0.37 -0.8898327518939677
0.07 0.38 -0.8848418172821829
0.07 0.39 -0.8767908679968698
0.07 0.4 -0.8652420497614526
0.07 0.41 -0.8496154166325904
0.07 0.42 -0.8291102193637288
0.07 0.43 -0.802553972385488
0.07 0.44 -0.7680703915494297
0.07 0.45 -0.7221664372027213
0.07 0.46 -0.6557323782850901
0.08 0.01 0.21955842156145233
0.08 0.02 0.10823932171812067
0.08 0.03 0.019729226596609584
0.08 0.04 -0.05558782406583762
0.08 0.05 -0.12198805721406158
0.08 0.06 -0.18183070938351809
0.08 0.07 -0.23657742755344635
0.08 0.08 -0.2872031704495447
0.08 0.09 -0.33439246791831434
0.08 0.1 -0.3786442375008845
0.08 0.11 -0.42033242462759846
0.08 0.12 -0.4597432676036144
0.08 0.13 -0.49709930372734545
0.08 0.14 -0.5325754280177678
0.08 0.15 -0.5663099679852384
0.08 0.16 -0.5984125115955143
0.08 0.17 -0.6289695491993155
0.08 0.18 -0.6580485995991764
0.08 0.19 -0.6857012557592016
0.08 0.2 -0.7119654396573603
0.08 0.21 -0.7368670619617572
0.08 0.22 -0.7604212199997304
0.08 0.23 -0.782633024828607
0.08 0.24 -0.8034981177852747
0.08 0.25 -0.823002914047458
0.08 0.26 -0.8411245923720949
0.08 0.27 -0.857830834018497
0.08 0.28 -0.8730792980399915
0.08 0.29 -0.8868168028040733
0.08 0.3 -0.8989781626421344
0.08 0.31 -0.9094846010637456
0.08 0.32 -0.9182416237277231
0.08 0.33 -0.925136178554657
0.08 0.34 -0.9300328456510037
0.08 0.35 -0.9327686663062806
0.08 0.36 -0.9331460021861009
0.08 0.37 -0.9309224441954747
0.08 0.38 -0.9257961268341821
0.08 0.39 -0.9173835511698776
0.08 0.4 -0.9051844902788233
0.08 0.41 -0.8885229959034183
0.08 0.42 -0.8664399190788596
0.08 0.43 -0.837473698715206
0.08 0.44 -0.7991294696749877
0.08 0.45 -0.7461330864787354
0.09 0.01 0.24758677317344546
0.09 0.02 0.1308659048439994
0.09 0.03 0.037596247521927806
0.09 0.04 -0.04197927445374039
0.09 0.05 -0.11223417246965939
0.09 0.06 -0.17559794763285852
0.09 0.07 -0.23358481561588618
0.09 0.08 -0.28721016159844004
0.09 0.09 -0.33719029514104015
0.09 0.1 -0.3840495655310402
0.09 0.11 -0.42818256858296777
0.09 0.12 -0.4698925110879879
0.09 0.13 -0.5094160076200522
0.09 0.14 -0.5469397195475391
0.09 0.15 -0.5826118628238695
0.09 0.16 -0.6165503633667709
0.09 0.17 -0.6488487489276415
0.09 0.18 -0.6795804669700829
0.09 0.19 -0.708802077547716
0.09 0.2 -0.7365556201373987
0.09 0.21 -0.762870356708575
0.09 0.22 -0.7877640289885792
0.09 0.23 -0.8112437235838785
0.09 0.24 -0.8333064068153446
0.09 0.25 -0.8539391670243957
0.09 0.26 -0.8731191824544747
0.09 0.27 -0.890813415189814
0.09 0.28 -0.9069780139742174
0.09 0.29 -0.9215573889329438
0.09 0.3 -0.9344828967317171
0.09 0.31 -0.9456710419873741
0.09 0.32 -0.9550210543977362
0.09 0.33 -0.9624116323228723
0.09 0.34 -0.9676965374987686
0.09 0.35 -0.9706985556244159
0.09 0.36 -0.9712010542448264
0.09 0.37 -0.9689358757492007
0.09 0.38 -0.9635653983211478
0.09 0.39 -0.9546548341296488
0.09 0.4 -0.9416271296996993
0.09 0.41 -0.923684274392456
0.09 0.42 -0.8996563855276085
0.09 0.43 -0.8676696626071283
0.09 0.44 -0.8242334454778654
0.09 0.45 -0.7602402923600565
0.1 0.01 0.27446566984608656
0.1 0.02 0.15280915973321607
0.1 0.03 0.05514793447942323
0.1 0.04 -0.028386803984328024
0.1 0.05 -0.10224748545456186
0.1 0.06 -0.1689216867306944
0.1 0.07 -0.22996772508863672
0.1 0.08 -0.28643531549195367
0.1 0.09 -0.339068027647889
0.1 0.1 -0.38841220988866154
0.1 0.11 -0.43488044668406345
0.1 0.12 -0.47879081177570215
0.1 0.13 -0.5203923107900416
0.1 0.14 -0.5598819983446497
0.1 0.15 -0.5974168451037094
0.1 0.16 -0.6331221662051036
0.1 0.17 -0.6670977221788228
0.1 0.18 -0.6994221972564788
0.1 0.19 -0.7301565148141047
0.1 0.2 -0.759346296425977
0.1 0.21 -0.7870236719945929
0.1 0.22 -0.8132085823294902
0.1 0.23 -0.837909669817193
0.1 0.24 -0.8611248197657947
0.1 0.25 -0.8828413896817116
0.1 0.26 -0.9030361427508322
0.1 0.27 -0.9216748825673421
0.1 0.28 -0.9387117663916004
0.1 0.29 -0.9540882514893253
0.1 0.3 -0.9677316003366141
0.1 0.31 -0.9795528312642148
0.1 0.32 -0.989443944578684
0.1 0.33 -0.9972741689303014
0.1 0.34 -1.0028848388650284
0.1 0.35 -1.0060822960310998
0.1 0.36 -1.0066278346070834
0.1 0.37 -1.004223047665086
0.1 0.38 -0.9984876783283384
0.1 0.39 -0.988924550180808
0.1 0.4 -0.9748605961854431
0.1 0.41 -0.9553393992904273
0.1 0.42 -0.9289019990722411
0.1 0.43 -0.8930560162664741
0.1 0.44 -0.8425296915880622
0.11 0.01 0.3002441749302611
0.11 0.02 0.1740438427572274
0.11 0.03 0.07230593470312097
0.11 0.04 -0.014928349459454093
0.11 0.05 -0.09217637313954341
0.11 0.06 -0.16197428957104198
0.11 0.07 -0.22591779361360087
0.11 0.08 -0.28508601150844837
0.11 0.09 -0.3402460771192338
0.11 0.1 -0.3919634969000214
0.11 0.11 -0.44066661733175927
0.11 0.12 -0.48668660369753214
0.11 0.13 -0.5302834149498711
0.11 0.14 -0.5716633178469118
0.11 0.15 -0.6109910540941005
0.11 0.16 -0.6483984977061676
0.11 0.17 -0.683990931413818
0.11 0.18 -0.7178516593272393
0.11 0.19 -0.750045424206998
0.11 0.2 -0.7806209417979266
0.11 0.21 -0.8096127637213788
0.11 0.22 -0.8370426128044521
0.11 0.23 -0.8629202877080079
0.11 0.24 -0.8872441994612996
0.11 0.25 -0.9100015759458938
0.11 0.26 -0.931168347955888
0.11 0.27 -0.9507087094231317
0.11 0.28 -0.9685743221782463
0.11 0.29 -0.9847031093742038
0.11 0.3 -0.999017547689978
0.11 0.31 -1.011422321125763
0.11 0.32 -1.0218011297449094
0.11 0.33 -1.0300123401192103
0.11 0.34 -1.0358829938748135
0.11 0.35 -1.0392004070933796
0.11 0.36 -1.0397000994674999
0.11 0.37 -1.0370478869290387
0.11 0.38 -1.0308122077647013
0.11 0.39 -1.020419047759403
0.11 0.4 -1.0050732708001249
0.11 0.41 -0.983607723896895
0.11 0.42 -0.9541512094407556
0.11 0.43 -0.9132155598463386
0.11 0.44 -0.8516957307760734
0.12 0.01 0.3249691804100706
0.12 0.02 0.19455906881822316
0.12 0.03 0.08901706344490468
0.12 0.04 -0.0016892233880978491
0.12 0.05 -0.08213123852338755
0.12 0.06 -0.15488618792796272
0.12 0.07 -0.22158172780898444
0.12 0.08 -0.28332237696458695
0.12 0.09 -0.3408957760409461
0.12 0.1 -0.39488421367254023
0.12 0.11 -0.44572991755669744
0.12 0.12 -0.4937756310056799
0.12 0.13 -0.5392910299187137
0.12 0.14 -0.5824905688539876
0.12 0.15 -0.6235459002132722
0.12 0.16 -0.6625947243295385
0.12 0.17 -0.6997472134905606
0.12 0.18 -0.735090737014584
0.12 0.19 -0.7686933626288086
0.12 0.2 -0.8006064513299826
0.12 0.21 -0.8308665602900807
0.12 0.22 -0.8594967994066129
0.12 0.23 -0.8865077388851258
0.12 0.24 -0.9118979298085192
0.12 0.25 -0.9356540717840911
0.12 0.26 -0.9577508377630802
0.12 0.27 -0.9781503430063913
0.12 0.28 -0.9968012200380243
0.12 0.29 -1.0136372309169368
0.12 0.3 -1.0285753076664534
0.12 0.31 -1.041512854212821
0.12 0.32 -1.052324057201583
0.12 0.33 -1.0608548186852205
0.12 0.34 -1.0669157047931521
0.12 0.35 -1.0702719322704273
0.12 0.36 -1.0706287506684722
0.12 0.37 -1.0676093249209209
0.12 0.38 -1.0607196934816803
0.12 0.39 -1.0492898218788904
0.12 0.4 -1.0323661653639153
0.12 0.41 -1.00849249542622
0.12 0.42 -0.9751790423851884
0.12 0.43 -0.9271565507713262
0.13 0.01 0.3486844666034401
0.13 0.02 0.21435279138014973
0.13 0.03 0.10524502109189493
0.13 0.04 0.011267826706769513
0.13 0.05 -0.07219576618204748
0.13 0.06 -0.1477579726889392
0.13 0.07 -0.2170739927089107
0.13 0.08 -0.28127041693416477
0.13 0.09 -0.3411528376578714
0.13 0.1 -0.3973183197916025
0.13 0.11 -0.4502213695508286
0.13 0.12 -0.5002150072713841
0.13 0.13 -0.5475775540823534
0.13 0.14 -0.592530757059359
0.13 0.15 -0.6352524210206674
0.13 0.16 -0.6758854212890226
0.13 0.17 -0.7145442519164187
0.13 0.18 -0.7513198444748515
0.13 0.19 -0.786283138180939
0.13 0.2 -0.8194877222187018
0.13 0.21 -0.8509717670680315
0.13 0.22 -0.8807593914582375
0.13 0.23 -0.908861562204677
0.13 0.24 -0.9352765875486825
0.13 0.25 -0.9599902353529531
0.13 0.26 -0.9829754817188876
0.13 0.27 -1.0041918700305756
0.13 0.28 -1.0235844317948817
0.13 0.29 -1.0410820849040778
0.13 0.3 -1.0565953763682552
0.13 0.31 -1.0700133661624336
0.13 0.32 -1.081199341524385
0.13 0.33 -1.0899848801408025
0.13 0.34 -1.0961614966043651
0.13 0.35 -1.0994686123500736
0.13 0.36 -1.0995756838512596
0.13 0.37 -1.0960545599572467
0.13 0.38 -1.0883344346281625
0.13 0.39 -1.075623202093535
0.13 0.4 -1.0567565838892183
0.13 0.41 -1.0298661210139644
0.13 0.42 -0.9914662667139865
0.13 0.43 -0.9324544964051341
0.14 0.01 0.371430432968364
0.14 0.02 0.23342844120974893
0.14 0.03 0.12096510290879947
0.14 0.04 0.023896054470312067
0.14 0.05 -0.06243436280928105
0.14 0.06 -0.14066845780205495
0.14 0.07 -0.21248533069758357
0.14 0.08 -0.2790308724957431
0.14 0.09 -0.3411264719360566
0.14 0.1 -0.3993822621231422
0.14 0.11 -0.4542636509991519
0.14 0.12 -0.5061328089359047
0.14 0.13 -0.55527576633871
0.14 0.14 -0.601920774519164
0.14 0.15 -0.6462511174028278
0.14 0.16 -0.6884142617551633
0.14 0.17 -0.7285285097054386
0.14 0.18 -0.7666878951111429
0.14 0.19 -0.8029658089092286
0.14 0.2 -0.8374176771246925
0.14 0.21 -0.8700829098653029
0.14 0.22 -0.9009862682937025
0.14 0.23 -0.9301387460621785
0.14 0.24 -0.9575380237849871
0.14 0.25 -0.9831685242944638
0.14 0.26 -1.0070010685739863
0.14 0.27 -1.0289921037966328
0.14 0.28 -1.0490824420056923
0.14 0.29 -1.067195405755108
0.14 0.3 -1.083234218273001
0.14 0.31 -1.0970783887873008
0.14 0.32 -1.1085787085704921
0.14 0.33 -1.117550253842375
0.14 0.34 -1.123762419034943
0.14 0.35 -1.1269243395041812
0.14 0.36 -1.1266628094774052
0.14 0.37 -1.122487271276413
0.14 0.38 -1.1137308963819132
0.14 0.39 -1.0994431726104608
0.14 0.4 -1.0781707526720739
0.14 0.41 -1.0474266167416313
0.14 0.42 -1.0019441461190715
0.15 0.01 0.3932441431943533
0.15 0.02 0.2517928211785342
0.15 0.03 0.1361607127273009
0.15 0.04 0.03616029511758678
0.15 0.05 -0.052897231911742115
0.15 0.06 -0.13368022865826812
0.15 0.07 -0.20788866073078005
0.15 0.08 -0.2766853850420883
0.15 0.09 -0.34090575358547415
0.15 0.1 -0.4011715016812014
0.15 0.11 -0.45795774738428696
0.15 0.12 -0.511634827772579
0.15 0.13 -0.5624956593084678
0.15 0.14 -0.6107742985091011
0.15 0.15 -0.6566589061754633
0.15 0.16 -0.7003010137064498
0.15 0.17 -0.7418222628039399
0.15 0.18 -0.7813193652832597
0.15 0.19 -0.8188677715589903
0.15 0.2 -0.854524373521506
0.15 0.21 -0.8883294609990267
0.15 0.22 -0.9203080785472877
0.15 0.23 -0.950470877624202
0.15 0.24 -0.9788145199119208
0.15 0.25 -1.0053216549458643
0.15 0.26 -1.029960464928203
0.15 0.27 -1.0526837376453213
0.15 0.28 -1.0734273902911413
0.15 0.29 -1.09210831669835
0.15 0.3 -1.1086213588145597
0.15 0.31 -1.122835095013953
0.15 0.32 -1.134585966233061
0.15 0.33 -1.1436699763308718
0.15 0.34 -1.149830708491478
0.15 0.35 -1.1527414937449845
0.15 0.36 -1.151977803539671
0.15 0.37 -1.146972233480911
0.15 0.38 -1.136935885973445
0.15 0.39 -1.1207075218130471
0.15 0.4 -1.0964215744668047
0.15 0.41 -1.0605952629742794
0.15 0.42 -1.0041287203448257
0.16 0.01 0.41415951124092665
0.16 0.02 0.2694547586142523
0.16 0.03 0.15082100469195692
0.16 0.04 0.04803391004404722
0.16 0.05 -0.04362392708596596
0.16 0.06 -0.12684356081538017
0.16 0.07 -0.20334327132659902
0.16 0.08 -0.2743008989554493
0.16 0.09 -0.34056418758576235
0.16 0.1 -0.40276520735377597
0.16 0.11 -0.46138774782666236
0.16 0.12 -0.5168094488981427
0.16 0.13 -0.5693293840556352
0.16 0.14 -0.619186790809234
0.16 0.15 -0.6665741642718529
0.16 0.16 -0.7116466212385242
0.16 0.17 -0.7545287121650388
0.16 0.18 -0.7953194318774126
0.16 0.19 -0.8340959201886647
0.16 0.2 -0.870916179505698
0.16 0.21 -0.9058210288733469
0.16 0.22 -0.9388354403314702
0.16 0.23 -0.9699693505233986
0.16 0.24 -0.999217999653845
0.16 0.25 -1.0265618152358158
0.16 0.26 -1.0519658248909127
0.16 0.27 -1.0753785462592602
0.16 0.28 -1.0967302574884328
0.16 0.29 -1.1159304912998633
0.16 0.3 -1.1328645074480987
0.16 0.31 -1.1473883623718684
0.16 0.32 -1.1593219747167385
0.16 0.33 -1.1684392122431588
0.16 0.34 -1.174453360808422
0.16 0.35 -1.1769950825018913
0.16 0.36 -1.1755774400216743
0.16 0.37 -1.1695370087163706
0.16 0.38 -1.157926491272475
0.16 0.39 -1.1392955909077105
0.16 0.4 -1.1111601962031434
0.16 0.41 -1.0682564750761319
0.17 0.01 0.43420754248921534
0.17 0.02 0.28642422829455705
0.17 0.03 0.16493925255361508
0.17 0.04 0.059496626541167275
0.17 0.05 -0.03464589644992988
0.17 0.06 -0.1201992502221284
0.17 0.07 -0.1988978678474307
0.17 0.08 -0.27193287661292576
0.17 0.09 -0.3401630557073838
0.17 0.1 -0.4042297068560774
0.17 0.11 -0.4646243798718538
0.17 0.12 -0.5217312534945733
0.17 0.13 -0.5758549083028555
0.17 0.14 -0.627239201551429
0.17 0.15 -0.6760804703055043
0.17 0.16 -0.7225369774011439
0.17 0.17 -0.7667357825423293
0.17 0.18 -0.808777792590168
0.17 0.19 -0.8487414841117091
0.17 0.2 -0.8866856260175882
0.17 0.21 -0.9226512213929234
0.17 0.22 -0.956662812895697
0.17 0.23 -0.9887292417900563
0.17 0.24 -1.0188439080794087
0.17 0.25 -1.0469845421259951
0.17 0.26 -1.0731124614820389
0.17 0.27 -1.0971712452302804
0.17 0.28 -1.119084705467752
0.17 0.29 -1.1387539621894036
0.17 0.3 -1.1560533183258692
0.17 0.31 -1.170824459155852
0.17 0.32 -1.1828682150262542
0.17 0.33 -1.1919326312018406
0.17 0.34 -1.1976951825192965
0.17 0.35 -1.1997352060663042
0.17 0.36 -1.1974889200471917
0.17 0.37 -1.1901708374293178
0.17 0.38 -1.1766229451261796
0.17 0.39 -1.154982743050423
0.17 0.4 -1.121770379471869
0.17 0.41 -1.0678887999874582
0.18 0.01 0.45341658744472
0.18 0.02 0.30271177513158054
0.18 0.03 0.17851170073764167
0.18 0.04 0.07053298051717749
0.18 0.05 -0.025988340322608883
0.18 0.06 -0.11378069713444916
0.18 0.07 -0.1945928301108666
0.18 0.08 -0.2696276915187925
0.18 0.09 -0.3397539168391406
0.18 0.1 -0.4056210728489862
0.18 0.11 -0.4677276649661066
0.18 0.12 -0.5264637308410396
0.18 0.13 -0.5821387749145633
0.18 0.14 -0.6350007660721996
0.18 0.15 -0.6852494332437131
0.18 0.16 -0.7330457793094325
0.18 0.17 -0.7785189995414921
0.18 0.18 -0.8217715610880901
0.18 0.19 -0.8628829378160834
0.18 0.2 -0.901912328499916
0.18 0.21 -0.9389005765213259
0.18 0.22 -0.9738714332766334
0.18 0.23 -1.0068322516481607
0.18 0.24 -1.037774151247339
0.18 0.25 -1.0666716571731585
0.18 0.26 -1.0934817731235662
0.18 0.27 -1.1181424018056656
0.18 0.28 -1.1405699627592631
0.18 0.29 -1.1606559678160764
0.18 0.3 -1.178262177147215
0.18 0.31 -1.1932137378025642
0.18 0.32 -1.2052893327827043
0.18 0.33 -1.2142067033308728
0.18 0.34 -1.2196006531203667
0.18 0.35 -1.220988112711343
0.18 0.36 -1.217709286746082
0.18 0.37 -1.208820299721482
0.18 0.38 -1.192874096910841
0.18 0.39 -1.167389654164855
0.18 0.4 -1.1271060946013094
0.18 0.41 -1.0471531539409176
0.19 0.01 0.47181258738493403
0.19 0.02 0.31832813163834606
0.19 0.03 0.19153674177253766
0.19 0.04 0.08113117482518917
0.19 0.05 -0.017671590658316805
0.19 0.06 -0.10761546661781385
0.19 0.07 -0.1904619132863794
0.19 0.08 -0.26742443971205376
0.19 0.09 -0.3393805065044322
0.19 0.1 -0.4069870934753246
0.19 0.11 -0.47074894677429413
0.19 0.12 -0.5310613540122936
0.19 0.13 -0.5882382166935975
0.19 0.14 -0.642531152124443
0.19 0.15 -0.6941428665659803
0.19 0.16 -0.743236724704191
0.19 0.17 -0.7899437047349531
0.19 0.18 -0.8343674973437747
0.19 0.19 -0.8765882435484389
0.19 0.2 -0.9166652389761704
0.19 0.21 -0.9546388211797502
0.19 0.22 -0.9905315792719288
0.19 0.23 -1.0243489675641604
0.19 0.24 -1.0560793578344305
0.19 0.25 -1.0856935214043317
0.19 0.26 -1.113143486085138
0.19 0.27 -1.1383606570874412
0.19 0.28 -1.1612530152543958
0.19 0.29 -1.1817010947697362
0.19 0.3 -1.1995522687066922
0.19 0.31 -1.2146125845687017
0.19 0.32 -1.2266348961659324
0.19 0.33 -1.2353011314983684
0.19 0.34 -1.2401947714602735
0.19 0.35 -1.240755908812749
0.19 0.36 -1.2362026970646214
0.19 0.37 -1.2253805608776427
0.19 0.38 -1.2064302630441053
0.19 0.39 -1.1758750650736272
0.19 0.4 -1.1246208992095479
0.2 0.01 0.489419302655116
0.2 0.02 0.33328396414819916
0.2 0.03 0.2040143192085735
0.2 0.04 0.09128222981160028
0.2 0.05 -0.009712150745120662
0.2 0.06 -0.10172647461123585
0.2 0.07 -0.18653354847583503
0.2 0.08 -0.2653563312187509
0.2 0.09 -0.3390802012904379
0.2 0.1 -0.4083687959932836
0.2 0.11 -0.473732463256743
0.2 0.12 -0.5355711918727896
0.2 0.13 -0.59420280144491
0.2 0.14 -0.6498821324342481
0.2 0.15 -0.7028144837036865
0.2 0.16 -0.7531652263960082
0.2 0.17 -0.8010667857774642
0.2 0.18 -0.8466237504805632
0.2 0.19 -0.8899166041993936
0.2 0.2 -0.9310044064107188
0.2 0.21 -0.9699266365012735
0.2 0.22 -1.0067043368324184
0.2 0.23 -1.0413406306409525
0.2 0.24 -1.0738206407335888
0.2 0.25 -1.1041107872483595
0.2 0.26 -1.1321573901749282
0.2 0.27 -1.1578844361964935
0.2 0.28 -1.1811902771689065
0.2 0.29 -1.2019428885785246
0.2 0.3 -1.2199730940219748
0.2 0.31 -1.235064786961647
0.2 0.32 -1.2469405149635344
0.2 0.33 -1.2552395370868814
0.2 0.34 -1.2594829343931502
0.2 0.35 -1.259014797329181
0.2 0.36 -1.252894906871191
0.2 0.37 -1.239679666864804
0.2 0.38 -1.2168913420105325
0.2 0.39 -1.1792722001119287
0.21 0.01 0.5062585201582472
0.21 0.02 0.3475897053136592
0.21 0.03 0.21594548904621402
0.21 0.04 0.10097934297194844
0.21 0.05 -0.0021234892879319345
0.21 0.06 -0.09613290139979824
0.21 0.07 -0.1828318503734978
0.21 0.08 -0.2634517730066005
0.21 0.09 -0.33888516266994406
0.21 0.1 -0.409801640266915
0.21 0.11 -0.4767165810062467
0.21 0.12 -0.5400341772118262
0.21 0.13 -0.6000757281982114
0.21 0.14 -0.6570989043153945
0.21 0.15 -0.7113112371205602
0.21 0.16 -0.7628797674635193
0.21 0.17 -0.8119380447950248
0.21 0.18 -0.8585912377110068
0.21 0.19 -0.9029198503112549
0.21 0.2 -0.9449823693391912
0.21 0.21 -0.9848170535284152
0.21 0.22 -1.0224429959867414
0.21 0.23 -1.0578605284095002
0.21 0.24 -1.0910509824967243
0.21 0.25 -1.1219757710537976
0.21 0.26 -1.1505746906037064
0.21 0.27 -1.1767632683089255
0.21 0.28 -1.2004288624394701
0.21 0.29 -1.2214250501360335
0.21 0.3 -1.2395635487540686
0.21 0.31 -1.2546024203429058
0.21 0.32 -1.2662284014479348
0.21 0.33 -1.274029435044087
0.21 0.34 -1.2774497756415593
0.21 0.35 -1.2757114784915864
0.21 0.36 -1.2676636455593129
0.21 0.37 -1.2514505241795248
0.21 0.38 -1.2235986961576266
0.21 0.39 -1.175017275752014
0.22 0.01 0.5223502395628088
0.22 0.02 0.3612554450434695
0.22 0.03 0.22733209429282608
0.22 0.04 0.11021740058984275
0.22 0.05 0.00508334586974013
0.22 0.06 -0.09085090352951108
0.22 0.07 -0.17937740723860818
0.22 0.08 -0.2617352217816282
0.22 0.09 -0.338823240889202
0.22 0.1 -0.4113164645634688
0.22 0.11 -0.4797347756626008
0.22 0.12 -0.5444861159000524
0.22 0.13 -0.605894860302751
0.22 0.14 -0.6642211427110716
0.22 0.15 -0.7196743879222836
0.22 0.16 -0.7724229845037621
0.22 0.17 -0.8226012926657568
0.22 0.18 -0.8703147472334245
0.22 0.19 -0.9156435492517074
0.22 0.2 -0.9586452689284168
0.22 0.21 -0.9993565675630837
0.22 0.22 -1.0377941634808452
0.22 0.23 -1.0739551020764764
0.22 0.24 -1.1078163324204735
0.22 0.25 -1.1393335335264456
0.22 0.26 -1.1684390625659133
0.22 0.27 -1.1950388017761955
0.22 0.28 -1.2190075394821456
0.22 0.29 -1.2401822966531277
0.22 0.3 -1.2583526343809004
0.22 0.31 -1.2732463106932683
0.22 0.32 -1.2845073998896024
0.22 0.33 -1.2916614563598217
0.22 0.34 -1.294056748237712
0.22 0.35 -1.290756979065973
0.22 0.36 -1.2803222559637868
0.22 0.37 -1.2602783596201301
0.22 0.38 -1.2253709154636307
0.23 0.01 0.537712839208775
0.23 0.02 0.3742908613280431
0.23 0.03 0.238176521344604
0.23 0.04 0.11899260138485779
0.23 0.05 0.011899248327652767
0.23 0.06 -0.08589417459885462
0.23 0.07 -0.1761879068287483
0.23 0.08 -0.26022786267570164
0.23 0.09 -0.3389186967902068
0.23 0.1 -0.4129402429220985
0.23 0.11 -0.48281641875181847
0.23 0.12 -0.5489584982613558
0.23 0.13 -0.6116935572551359
0.23 0.14 -0.6712838490511197
0.23 0.15 -0.7279403688007948
0.23 0.16 -0.7818325420685337
0.23 0.17 -0.8330952325809314
0.23 0.18 -0.8818338286644584
0.23 0.19 -0.9281279002611507
0.23 0.2 -0.9720337462430055
0.23 0.21 -1.013586034947986
0.23 0.22 -1.0527986558304785
0.23 0.23 -1.0896648317326005
0.23 0.24 -1.1241564784220377
0.23 0.25 -1.1562227306216468
0.23 0.26 -1.1857874700443727
0.23 0.27 -1.2127455740939141
0.23 0.28 -1.2369574260547345
0.23 0.29 -1.258240938432376
0.23 0.3 -1.2763598431281873
0.23 0.31 -1.2910060938440908
0.23 0.32 -1.301772460042934
0.23 0.33 -1.3081076855012206
0.23 0.34 -1.3092380239812038
0.23 0.35 -1.3040165259846754
0.23 0.36 -1.2905911735659534
0.23 0.37 -1.2654921018481953
0.23 0.38 -1.2196318264228878
0.24 0.01 0.5523632233384346
0.24 0.02 0.38670517841900165
0.24 0.03 0.24848151625324122
0.24 0.04 0.12730216374192205
0.24 0.05 0.018316674979175107
0.24 0.06 -0.08127439131333969
0.24 0.07 -0.17327863716542713
0.24 0.08 -0.2589481545694161
0.24 0.09 -0.3391927837429699
0.24 0.1 -0.41469669737571746
0.24 0.11 -0.4859874150951303
0.24 0.12 -0.5534791574842177
0.24 0.13 -0.61750135062107
0.24 0.14 -0.6783180417109258
0.24 0.15 -0.7361414864353312
0.24 0.16 -0.7911418446710802
0.24 0.17 -0.8434541794696035
0.24 0.18 -0.8931835177329639
0.24 0.19 -0.9404084621849056
0.24 0.2 -0.9851836705553362
0.24 0.21 -1.0275413990702587
0.24 0.22 -1.0674922194375278
0.24 0.23 -1.10502494589956
0.24 0.24 -1.1401057396081924
0.24 0.25 -1.172676279996964
0.24 0.26 -1.2026507926058811
0.24 0.27 -1.2299115781987524
0.24 0.28 -1.254302461666067
0.24 0.29 -1.2756192014723189
0.24 0.3 -1.2935952321920554
0.24 0.31 -1.3078798565289678
0.24 0.32 -1.3180034712987418
0.24 0.33 -1.3233188547255423
0.24 0.34 -1.3228939348332536
0.24 0.35 -1.3152927987236782
0.24 0.36 -1.2980449991346128
0.24 0.37 -1.265899758520454
0.25 0.01 0.5663169524961496
0.25 0.02 0.39850714379031726
0.25 0.03 0.25825004527644313
0.25 0.04 0.1351440960098642
0.25 0.05 0.024329345089252552
0.25 0.06 -0.07700157143633535
0.25 0.07 -0.1706628907051616
0.25 0.08 -0.25791227209783507
0.25 0.09 -0.33966422087006887
0.25 0.1 -0.4166067970912264
0.25 0.11 -0.48927072354596124
0.25 0.12 -0.5580728083780648
0.25 0.13 -0.6233444977904061
0.25 0.14 -0.6853513221549354
0.25 0.15 -0.7443064977031233
0.25 0.16 -0.8003806209237151
0.25 0.17 -0.8537086499998959
0.25 0.18 -0.9043949300481419
0.25 0.19 -0.952516748748362
0.25 0.2 -0.9981267335396129
0.25 0.21 -1.0412542803311702
0.25 0.22 -1.0819061123080662
0.25 0.23 -1.1200659895858356
0.25 0.24 -1.1556935130877086
0.25 0.25 -1.188721875540867
0.25 0.26 -1.2190542909569677
0.25 0.27 -1.2465586528367845
0.25 0.28 -1.271059679829631
0.25 0.29 -1.292327307904317
0.25 0.3 -1.3100591785572928
0.25 0.31 -1.3238533055935768
0.25 0.32 -1.3331632960395134
0.25 0.33 -1.3372199397179019
0.25 0.34 -1.3348805430576904
0.25 0.35 -1.3242971054251045
0.25 0.36 -1.302003577700138
0.25 0.37 -1.2589161231827304
0.26 0.01 0.5795883589373305
0.26 0.02 0.40970501795782543
0.26 0.03 0.2674851884742221
0.26 0.04 0.14251701487149215
0.26 0.05 0.029931998872596677
0.26 0.06 -0.0730843633879914
0.26 0.07 -0.16835229319560607
0.26 0.08 -0.25713446678838403
0.26 0.09 -0.34034958091929457
0.26 0.1 -0.41868916849338034
0.26 0.11 -0.49268678567960156
0.26 0.12 -0.5627614915426027
0.26 0.13 -0.6292464389850274
0.26 0.14 -0.6924083424618085
0.26 0.15 -0.7524610856124453
0.26 0.16 -0.8095754058809621
0.26 0.17 -0.8638858493434525
0.26 0.18 -0.9154957501900807
0.26 0.19 -0.9644807176293827
0.26 0.2 -1.0108909355424789
0.26 0.21 -1.0547524561219501
0.26 0.22 -1.0960675731290521
0.26 0.23 -1.1348142761256212
0.26 0.24 -1.1709446994977857
0.26 0.25 -1.2043823731050596
0.26 0.26 -1.2350179320965657
0.26 0.27 -1.262702713801749
0.26 0.28 -1.2872392895236013
0.26 0.29 -1.3083673091519152
0.26 0.3 -1.325741779122763
0.26 0.31 -1.338898361418075
0.26 0.32 -1.3471947234820205
0.26 0.33 -1.3497033608450018
0.26 0.34 -1.3449926538652681
0.26 0.35 -1.330596216300539
0.26 0.36 -1.301267137044732
0.27 0.01 0.5921906487751379
0.27 0.02 0.4203065730293627
0.27 0.03 0.2761900581598906
0.27 0.04 0.14942000068701855
0.27 0.05 0.03512020234224422
0.27 0.06 -0.06953028231683545
0.27 0.07 -0.16635707325419014
0.27 0.08 -0.25662736430346933
0.27 0.09 -0.3412636104860254
0.27 0.1 -0.4209604346473692
0.27 0.11 -0.4962538811644315
0.27 0.12 -0.5675649420391331
0.27 0.13 -0.6352281768937529
0.27 0.14 -0.6995111938287544
0.27 0.15 -0.7606282547260338
0.27 0.16 -0.8187499414786846
0.27 0.17 -0.8740100746691932
0.27 0.18 -0.9265106361146064
0.27 0.19 -0.9763251732866327
0.27 0.2 -1.0235009837795004
0.27 0.21 -1.0680602504388952
0.27 0.22 -1.1100001969613384
0.27 0.23 -1.1492922414322764
0.27 0.24 -1.1858800248367514
0.27 0.25 -1.2196760632832846
0.27 0.26 -1.2505565868806086
0.27 0.27 -1.2783538334117195
0.27 0.28 -1.3028445629317087
0.27 0.29 -1.3237326481901255
0.27 0.3 -1.3406218275484418
0.27 0.31 -1.3529709991694103
0.27 0.32 -1.3600158735418093
0.27 0.33 -1.360618361930393
0.27 0.34 -1.3529348006658486
0.27 0.35 -1.3335032523307788
0.27 0.36 -1.2932438050342034
0.28 0.01 0.6041359924352641
0.28 0.02 0.4303190970891496
0.28 0.03 0.28436773617125
0.28 0.04 0.15585248150728848
0.28 0.05 0.0398901884457612
0.28 0.06 -0.06634590389316286
0.28 0.07 -0.1646862848884426
0.28 0.08 -0.25640221075963454
0.28 0.09 -0.34241949614705514
0.28 0.1 -0.42343549792770974
0.28 0.11 -0.4999884242118815
0.28 0.12 -0.5725008972541872
0.28 0.13 -0.6413085938554975
0.28 0.14 -0.7066797311547487
0.28 0.15 -0.7688286613064279
0.28 0.16 -0.8279255103885217
0.28 0.17 -0.8841030507279191
0.28 0.18 -0.9374615542243173
0.28 0.19 -0.988072098821326
0.28 0.2 -1.0359786175724035
0.28 0.21 -1.0811988479616088
0.28 0.22 -1.1237242318839804
0.28 0.23 -1.163518714193134
0.28 0.24 -1.2005162707838002
0.28 0.25 -1.2346168411246108
0.28 0.26 -1.2656801058476965
0.28 0.27 -1.2935161666375166
0.28 0.28 -1.317871513407997
0.28 0.29 -1.3384074046723828
0.28 0.3 -1.3546652529392202
0.28 0.31 -1.3660080482350638
0.28 0.32 -1.3715132440855813
0.28 0.33 -1.3697538693928433
0.28 0.34 -1.358267925561716
0.28 0.35 -1.3318126715582856
0.29 0.01 0.6154356048176581
0.29 0.02 0.4397494023733982
0.29 0.03 0.29202122547255094
0.29 0.04 0.1618141394809579
0.29 0.05 0.044238726879883505
0.29 0.06 -0.06353702444660114
0.29 0.07 -0.16334799236161834
0.29 0.08 -0.25646907813639164
0.29 0.09 -0.3438290869988949
0.29 0.1 -0.42612777684660297
0.29 0.11 -0.5039052122799956
0.29 0.12 -0.5775853553689354
0.29 0.13 -0.6475047181902664
0.29 0.14 -0.7139318454426353
0.29 0.15 -0.7770808900215822
0.29 0.16 -0.8371212151822
0.29 0.17 -0.8941842094322864
0.29 0.18 -0.9483680569645456
0.29 0.19 -0.9997409286116222
0.29 0.2 -1.0483428721422283
0.29 0.21 -1.0941865437279026
0.29 0.22 -1.1372568070925673
0.29 0.23 -1.1775091114661072
0.29 0.24 -1.2148664212149045
0.29 0.25 -1.2492142774619286
0.29 0.26 -1.2803932725406453
0.29 0.27 -1.3081877128254655
0.29 0.28 -1.3323083319141453
0.29 0.29 -1.352365146215493
0.29 0.3 -1.3678228358648534
0.29 0.31 -1.377922471262675
0.29 0.32 -1.381530965376995
0.29 0.33 -1.3768093537650068
0.29 0.34 -1.3603001450260186
0.29 0.35 -1.3229276642456083
0.3 0.01 0.6260998163963306
0.3 0.02 0.44860383579083773
0.3 0.03 0.2991534127171478
0.3 0.04 0.16730483486774617
0.3 0.05 0.04816301672900669
0.3 0.06 -0.061108794118638676
0.3 0.07 -0.1623494247075048
0.3 0.08 -0.2568370365749675
0.3 0.09 -0.3455030817929934
0.3 0.1 -0.42904940554533155
0.3 0.11 -0.5080176357807678
0.3 0.12 -0.5828327933781982
0.3 0.13 -0.6538319487702536
0.3 0.14 -0.7212836932201566
0.3 0.15 -0.7854016864790522
0.3 0.16 -0.8463542121004621
0.3 0.17 -0.9042709227046714
0.3 0.18 -0.9592475121322093
0.3 0.19 -1.0113487707370998
0.3 0.2 -1.060610289678645
0.3 0.21 -1.107038936632171
0.3 0.22 -1.1506120998671274
0.3 0.23 -1.1912755657457301
0.3 0.24 -1.2289397286892005
0.3 0.25 -1.26347359159169
0.3 0.26 -1.2946956266259788
0.3 0.27 -1.3223598908493863
0.3 0.28 -1.3461345295935294
0.3 0.29 -1.365567264860264
0.3 0.3 -1.3800269059780244
0.3 0.31 -1.3885963100921652
0.3 0.32 -1.3898535584907237
0.3 0.33 -1.3813414101746326
0.3 0.34 -1.3578216370310718
0.31 0.01 0.6361381363325437
0.31 0.02 0.45688829076234994
0.31 0.03 0.30576703921997295
0.31 0.04 0.17232454397320385
0.31 0.05 0.05166059738366702
0.31 0.06 -0.05906582823565221
0.31 0.07 -0.16169710561592443
0.31 0.08 -0.25751429969468087
0.31 0.09 -0.3474511871172816
0.31 0.1 -0.43221140265327973
0.31 0.11 -0.5123378556971496
0.31 0.12 -0.5882563517210768
0.31 0.13 -0.6603042450093832
0.31 0.14 -0.7287498902370592
0.31 0.15 -0.7938061528863828
0.31 0.16 -0.8556399067216184
0.31 0.17 -0.9143786958319846
0.31 0.18 -0.9701152910091947
0.31 0.19 -1.0229105860747418
0.31 0.2 -1.0727950841806801
0.31 0.21 -1.1197690726085754
0.31 0.22 -1.1638014462267905
0.31 0.23 -1.2048269865639196
0.31 0.24 -1.2427417009433075
0.31 0.25 -1.2773955198982903
0.31 0.26 -1.3085811411156767
0.31 0.27 -1.3360168913067785
0.31 0.28 -1.3593197051447492
0.31 0.29 -1.3779606095875323
0.31 0.3 -1.3911865380454707
0.31 0.31 -1.3978698577889743
0.31 0.32 -1.3961767151307622
0.31 0.33 -1.3826544431705978
0.31 0.34 -1.3482319563622316
0.32 0.01 0.6455593085361944
0.32 0.02 0.46460821965210286
0.32 0.03 0.31186467839409626
0.32 0.04 0.17687330814642588
0.32 0.05 0.05472927418379203
0.32 0.06 -0.057412300997200294
0.32 0.07 -0.16139696320637387
0.32 0.08 -0.258508347778174
0.32 0.09 -0.34968225173984413
0.32 0.1 -0.4356238148396854
0.32 0.11 -0.5168769545985213
0.32 0.12 -0.5938679911363057
0.32 0.13 -0.666934287972652
0.32 0.14 -0.7363436751921812
0.32 0.15 -0.802307912605434
0.32 0.16 -0.8649921172650886
0.32 0.17 -0.9245213269703377
0.32 0.18 -0.9809849207864899
0.32 0.19 -1.0344393292309009
0.32 0.2 -1.0849092647367666
0.32 0.21 -1.1323875413538256
0.32 0.22 -1.1768333977774992
0.32 0.23 -1.2181690568390047
0.32 0.24 -1.256274003570721
0.32 0.25 -1.2909760691693726
0.32 0.26 -1.3220377279748405
0.32 0.27 -1.3491347498782706
0.32 0.28 -1.371821812475154
0.32 0.29 -1.3894741156245376
0.32 0.3 -1.4011804301643553
0.32 0.31 -1.405524350054577
0.32 0.32 -1.40005381195605
0.32 0.33 -1.3795354887034879
0.33 0.01 0.6543713614856721
0.33 0.02 0.4717686462750721
0.33 0.03 0.31744871815646203
0.33 0.04 0.18095119160605844
0.33 0.05 0.057367055983926774
0.33 0.06 -0.05615202472468406
0.33 0.07 -0.16145442328267268
0.33 0.08 -0.2598260326934865
0.33 0.09 -0.35220438120061615
0.33 0.1 -0.4392958393153672
0.33 0.11 -0.5216450654438323
0.33 0.12 -0.5996786262283742
0.33 0.13 -0.6737336171543981
0.33 0.14 -0.7440770480674916
0.33 0.15 -0.8109192481648665
0.33 0.16 -0.8744232100302829
0.33 0.17 -0.9347110371663323
0.33 0.18 -0.9918682054110659
0.33 0.19 -1.0459460550519453
0.33 0.2 -1.0969627203510521
0.33 0.21 -1.1449025286517651
0.33 0.22 -1.189713725063668
0.33 0.23 -1.2313041612579545
0.33 0.24 -1.2695342707302606
0.33 0.25 -1.3042061361615036
0.33 0.26 -1.3350465329915306
0.33 0.27 -1.3616800577823138
0.33 0.28 -1.3835847367934455
0.33 0.29 -1.4000139446485675
0.33 0.3 -1.4098460206802281
0.33 0.31 -1.4112526907774674
0.33 0.32 -1.400786542147042
0.33 0.33 -1.3693814773777397
0.34 0.01 0.6625816525072556
0.34 0.02 0.47837417811779026
0.34 0.03 0.3225213471463426
0.34 0.04 0.18455824633501738
0.34 0.05 0.05957210241500066
0.34 0.06 -0.055288517260032366
0.34 0.07 -0.1618744889455035
0.34 0.08 -0.2614736676571865
0.34 0.09 -0.35502503593463475
0.34 0.1 -0.4432359287074856
0.34 0.11 -0.526651481700314
0.34 0.12 -0.6056982393447999
0.34 0.13 -0.6807127465658132
0.34 0.14 -0.751960886713132
0.34 0.15 -0.8196512163345308
0.34 0.16 -0.8839442104759584
0.34 0.17 -0.9449585742188737
0.34 0.18 -1.0027753178745467
0.34 0.19 -1.0574399932342258
0.34 0.2 -1.108963268022891
0.34 0.21 -1.1573198246587666
0.34 0.22 -1.2024453654919092
0.34 0.23 -1.2442312407266205
0.34 0.24 -1.2825158104920897
0.34 0.25 -1.31707096556828
0.34 0.26 -1.3475809619041605
0.34 0.27 -1.3736081826920565
0.34 0.28 -1.3945348777753495
0.34 0.29 -1.4094563175748303
0.34 0.3 -1.4169621350169974
0.34 0.31 -1.4146059227860959
0.34 0.32 -1.3971596950113372
0.35 0.01 0.6701969071199724
0.35 0.02 0.48442901801796723
0.35 0.03 0.32708454385596186
0.35 0.04 0.18769448264892685
0.35 0.05 0.061342679063771
0.35 0.06 -0.054825059594516556
0.35 0.07 -0.16266180888080095
0.35 0.08 -0.26345710434441916
0.35 0.09 -0.35815111557991
0.35 0.1 -0.447451881072896
0.35 0.11 -0.5319047516243867
0.35 0.12 -0.6119359776616855
0.35 0.13 -0.6878812630465602
0.35 0.14 -0.7600050445776062
0.35 0.15 -0.828513743085894
0.35 0.16 -0.8935648926260464
0.35 0.17 -0.9552732928296191
0.35 0.18 -1.0137148660006319
0.35 0.19 -1.068928592453948
0.35 0.2 -1.120916664455971
0.35 0.21 -1.1696427867769394
0.35 0.22 -1.2150283114309584
0.35 0.23 -1.256945563055754
0.35 0.24 -1.2952071847106796
0.35 0.25 -1.3295494056049548
0.35 0.26 -1.3596053520663895
0.35 0.27 -1.3848608066340948
0.35 0.28 -1.4045762522856051
0.35 0.29 -1.4176365948407166
0.35 0.3 -1.4222196756020764
0.35 0.31 -1.4148838249873417
0.35 0.32 -1.3865683862326061
0.36 0.01 0.677223253969172
0.36 0.02 0.48993697512650525
0.36 0.03 0.33114006796736595
0.36 0.04 0.1903598443249247
0.36 0.05 0.06267711913890739
0.36 0.06 -0.05476474540866194
0.36 0.07 -0.1638207362022912
0.36 0.08 -0.2657817993793614
0.36 0.09 -0.36158903162345735
0.36 0.1 -0.4519509172927112
0.36 0.11 -0.537412759007282
0.36 0.12 -0.6184002358098672
0.36 0.13 -0.6952479091285724
0.36 0.14 -0.7682184318647695
0.36 0.15 -0.8375157006169929
0.36 0.16 -0.9032938487960873
0.36 0.17 -0.965663212729471
0.36 0.18 -1.0246939329196794
0.36 0.19 -1.080417534392257
0.36 0.2 -1.1328265804263062
0.36 0.21 -1.1818722538566095
0.36 0.22 -1.2274594312005482
0.36 0.23 -1.2694383951753723
0.36 0.24 -1.3075916342687715
0.36 0.25 -1.3416129019071006
0.36 0.26 -1.371073161731207
0.36 0.27 -1.3953624782335532
0.36 0.28 -1.41358329709321
0.36 0.29 -1.4243318941710035
0.36 0.3 -1.4251680647522869
0.36 0.31 -1.410869665529983
0.37 0.01 0.6836662558003813
0.37 0.02 0.4949014750309444
0.37 0.03 0.3346894533385749
0.37 0.04 0.19255418739655505
0.37 0.05 0.06357379046548384
0.37 0.06 -0.05511052388937432
0.37 0.07 -0.1653553793780722
0.37 0.08 -0.26845287186369027
0.37 0.09 -0.36534477013982714
0.37 0.1 -0.4567397476708781
0.37 0.11 -0.5431827922485593
0.37 0.12 -0.6250987259146111
0.37 0.13 -0.7028206522981694
0.37 0.14 -0.7766090818891811
0.37 0.15 -0.8466649680722047
0.37 0.16 -0.9131385410308276
0.37 0.17 -0.9761350557799481
0.37 0.18 -1.0357180925934961
0.37 0.19 -1.0919107169762952
0.37 0.2 -1.144694535383533
0.37 0.21 -1.1940064062842075
0.37 0.22 -1.239732212075097
0.37 0.23 -1.2816965557329028
0.37 0.24 -1.3196463078825862
0.37 0.25 -1.3532241430120295
0.37 0.26 -1.3819244824784258
0.37 0.27 -1.405015690812777
0.37 0.28 -1.4213899255402405
0.37 0.29 -1.4292317580852905
0.37 0.3 -1.4251058208195042
0.37 0.31 -1.399957412759402
0.38 0.01 0.6895309368627411
0.38 0.02 0.4993255689586499
0.38 0.03 0.33773400219643457
0.38 0.04 0.19427726189175465
0.38 0.05 0.06403106686492532
0.38 0.06 -0.0558652369404109
0.38 0.07 -0.16726964649306675
0.38 0.08 -0.27147515329919514
0.38 0.09 -0.36942394605473505
0.38 0.1 -0.4618246292191638
0.38 0.11 -0.5492216032617352
0.38 0.12 -0.6320385365427448
0.38 0.13 -0.7106067420993792
0.38 0.14 -0.7851842039664015
0.38 0.15 -0.8559684771072402
0.38 0.16 -0.9231053350960693
0.38 0.17 -0.986694262394088
0.38 0.18 -1.0467913999237624
0.38 0.19 -1.103410205026683
0.38 0.2 -1.156519788192751
0.38 0.21 -1.2060405638402105
0.38 0.22 -1.251836409774653
0.38 0.23 -1.2937018181091324
0.38 0.24 -1.33134123436843
0.38 0.25 -1.364335228723026
0.38 0.26 -1.3920825713878506
0.38 0.27 -1.4136936660425234
0.38 0.28 -1.427772127440733
0.38 0.29 -1.4318845803424705
0.38 0.3 -1.420815296611294
0.39 0.01 0.6948218070772383
0.39 0.02 0.5032119420054777
0.39 0.03 0.3402747801818842
0.39 0.04 0.19552869592567435
0.39 0.05 0.06404730314842344
0.39 0.06 -0.05703165170248736
0.39 0.07 -0.16956728387559616
0.39 0.08 -0.2748532310169012
0.39 0.09 -0.373831850104535
0.39 0.1 -0.4672114148316784
0.39 0.11 -0.5555354574188437
0.39 0.12 -0.6392261817326316
0.39 0.13 -0.7186127561761568
0.39 0.14 -0.7939502237928515
0.39 0.15 -0.8654322430136135
0.39 0.16 -0.9331995173478828
0.39 0.17 -0.9973449869661049
0.39 0.18 -1.0579163540940963
0.39 0.19 -1.1149161452196998
0.39 0.2 -1.1682991779130047
0.39 0.21 -1.21796690980094
0.39 0.22 -1.2637575826565648
0.39 0.23 -1.305430121412889
0.39 0.24 -1.342637951025781
0.39 0.25 -1.374885166286453
0.39 0.26 -1.4014489138954582
0.39 0.27 -1.421229396566002
0.39 0.28 -1.4324186239682315
0.39 0.29 -1.4315881711650786
0.39 0.3 -1.4096898814550483
0.4 0.01 0.6995428832577263
0.4 0.02 0.5065629203543199
0.4 0.03 0.342312611961591
0.4 0.04 0.19630798166648922
0.4 0.05 0.06362081308825429
0.4 0.06 -0.058612489138518464
0.4 0.07 -0.1722519099352734
0.4 0.08 -0.27859148602627826
0.4 0.09 -0.37857348944689473
0.4 0.1 -0.47290559532005594
0.4 0.11 -0.5621301754901042
0.4 0.12 -0.6466676410090436
0.4 0.13 -0.7268446360474518
0.4 0.14 -0.8029128119223559
0.4 0.15 -0.8750613817030283
0.4 0.16 -0.9434252942830592
0.4 0.17 -1.0080900713055032
0.4 0.18 -1.06909383280311
0.4 0.19 -1.12642664074441
0.4 0.2 -1.180026905978025
0.4 0.21 -1.229774125247714
0.4 0.22 -1.2754764801455725
0.4 0.23 -1.316850528873991
0.4 0.24 -1.3534876589758236
0.4 0.25 -1.384796390547099
0.4 0.26 -1.4098959966244902
0.4 0.27 -1.4273982365025435
0.4 0.28 -1.4348772864036403
0.4 0.29 -1.4271244899940412
0.41 0.01 0.7036977076314118
0.41 0.02 0.5093804774601525
0.41 0.03 0.3438480771727601
0.41 0.04 0.19661446277673122
0.41 0.05 0.06274984984101706
0.41 0.06 -0.06061044930934534
0.41 0.07 -0.17532704491157225
0.41 0.08 -0.2826941260342768
0.41 0.09 -0.3836536226987357
0.41 0.1 -0.4789123350844152
0.41 0.11 -0.5690111683193174
0.41 0.12 -0.6543683910440194
0.41 0.13 -0.7353077131324947
0.41 0.14 -0.8120769006170268
0.41 0.15 -0.8848601124400018
0.41 0.16 -0.9537857740283324
0.41 0.17 -1.0189309942985876
0.41 0.18 -1.080322993875744
0.41 0.19 -1.1379375791378057
0.41 0.2 -1.1916942478500963
0.41 0.21 -1.2414469114065279
0.41 0.22 -1.2869682425887112
0.41 0.23 -1.3279238459345115
0.41 0.24 -1.3638287100545954
0.41 0.25 -1.3939698187181162
0.41 0.26 -1.417256343348142
0.41 0.27 -1.4318885513723951
0.41 0.28 -1.4344456984275453
0.41 0.29 -1.4158868470573411
0.42 0.01 0.7072893638691208
0.42 0.02 0.5116662391855921
0.42 0.03 0.344881506508802
0.42 0.04 0.19644732299988532
0.42 0.05 0.06143258838517229
0.42 0.06 -0.06302823385913203
0.42 0.07 -0.17879613711066478
0.42 0.08 -0.2871652142474791
0.42 0.09 -0.3890767900258798
0.42 0.1 -0.4852365020265179
0.42 0.11 -0.5761834647854439
0.42 0.12 -0.6623334294054235
0.42 0.13 -0.7440067252818126
0.42 0.14 -0.8214466890231183
0.42 0.15 -0.8948317457799513
0.42 0.16 -0.9642829284219978
0.42 0.17 -1.0298677951187347
0.42 0.18 -1.0916011393051128
0.42 0.19 -1.1494424043456841
0.42 0.2 -1.2032891778052897
0.42 0.21 -1.2529653692664344
0.42 0.22 -1.2982013516845
0.42 0.23 -1.3386007686314154
0.42 0.24 -1.3735831212101672
0.42 0.25 -1.4022776188788384
0.42 0.26 -1.4233051028585522
0.42 0.27 -1.4342481362406163
0.42 0.28 -1.4299058907075681
0.42 0.29 -1.3854652973885035
0.43 0.01 0.7103204908034004
0.43 0.02 0.5134214878747023
0.43 0.03 0.34541297778508073
0.43 0.04 0.19580557561554846
0.43 0.05 0.059667109606949875
0.43 0.06 -0.0658685661424323
0.43 0.07 -0.18266258610679142
0.43 0.08 -0.2920086944553728
0.43 0.09 -0.3948473387783681
0.43 0.1 -0.49188269216273295
0.43 0.11 -0.5836517334278155
0.43 0.12 -0.6705672906275669
0.43 0.13 -0.7529458238104467
0.43 0.14 -0.8310256362821506
0.43 0.15 -0.9049786556967778
0.43 0.16 -0.974917533643502
0.43 0.17 -1.0408989662133135
0.43 0.18 -1.1029235349586526
0.43 0.19 -1.1609318208434614
0.43 0.2 -1.2147958844522884
0.43 0.21 -1.264304193461546
0.43 0.22 -1.309136243609168
0.43 0.23 -1.3488193667224
0.43 0.24 -1.3826516269301603
0.43 0.25 -1.4095522452936449
0.43 0.26 -1.4277307002785034
0.43 0.27 -1.4337747818328683
0.43 0.28 -1.4186515492264078
0.44 0.01 0.7127932939837606
0.44 0.02 0.514647165353761
0.44 0.03 0.34544231184811514
0.44 0.04 0.1946880535292872
0.44 0.05 0.05745138572714181
0.44 0.06 -0.06913420935267345
0.44 0.07 -0.18692976329906696
0.44 0.08 -0.2972284127936653
0.44 0.09 -0.40096944505049215
0.44 0.1 -0.4988552492592747
0.44 0.11 -0.5914202979493399
0.44 0.12 -0.679074054633868
0.44 0.13 -0.7621285707616167
0.44 0.14 -0.8408164418166739
0.44 0.15 -0.9153022343418826
0.44 0.16 -0.9856890865086135
0.44 0.17 -1.0520213109258463
0.44 0.18 -1.1142831768152563
0.44 0.19 -1.1723934133098588
0.44 0.2 -1.2261941460871875
0.44 0.21 -1.2754316194445021
0.44 0.22 -1.3197234553413044
0.44 0.23 -1.3585015974499677
0.44 0.24 -1.3909064488050578
0.44 0.25 -1.4155690293771745
0.44 0.26 -1.430081260738092
0.44 0.27 -1.4292510175914526
0.45 0.01 0.7147095551924401
0.45 0.02 0.5153438748464721
0.45 0.03 0.3449690682099139
0.45 0.04 0.19309339979759632
0.45 0.05 0.05478326680924561
0.45 0.06 -0.07282798295132098
0.45 0.07 -0.19160103014155616
0.45 0.08 -0.30282813649962226
0.45 0.09 -0.40744713144056977
0.45 0.1 -0.5061582796852135
0.45 0.11 -0.5994931466519143
0.45 0.12 -0.6878573473310283
0.45 0.13 -0.7715579258386713
0.45 0.14 -0.8508210116083877
0.45 0.15 -0.9258028272317987
0.45 0.16 -0.9965956925098047
0.45 0.17 -1.0632297588515596
0.45 0.18 -1.1256704914476858
0.45 0.19 -1.1838111593552982
0.45 0.2 -1.2374585227929145
0.45 0.21 -1.2863080360278505
0.45 0.22 -1.3299011086277321
0.45 0.23 -1.3675483605075844
0.45 0.24 -1.398180335416431
0.45 0.25 -1.42001683801194
0.45 0.26 -1.429655185432352
0.45 0.27 -1.418071333500024
0.46 0.01 0.7160706400204198
0.46 0.02 0.515511881788131
0.46 0.03 0.3439925403026727
0.46 0.04 0.19102005841567993
0.46 0.05 0.05166046812897185
0.46 0.06 -0.07695277764570418
0.46 0.07 -0.19667975430083007
0.46 0.08 -0.30881156989312153
0.46 0.09 -0.4142842811881914
0.46 0.1 -0.5137956625546811
0.46 0.11 -0.6078739356942537
0.46 0.12 -0.6969203329677319
0.46 0.13 -0.7812362221155928
0.46 0.14 -0.8610404087894163
0.46 0.15 -0.9364796458710346
0.46 0.16 -1.0076339203620224
0.46 0.17 -1.0745171297103275
0.46 0.18 -1.1370729541800357
0.46 0.19 -1.195164804368325
0.46 0.2 -1.2485573043020624
0.46 0.21 -1.2968841338229422
0.46 0.22 -1.3395914275604346
0.46 0.23 -1.3758322734465596
0.46 0.24 -1.4042491615822872
0.46 0.25 -1.4224445084410486
0.46 0.26 -1.42523590944818
0.47 0.01 0.716877503581669
0.47 0.02 0.5151511135188634
0.47 0.03 0.34251175025878733
0.47 0.04 0.18846626521766496
0.47 0.05 0.04808055821813029
0.47 0.06 -0.08151156911926083
0.47 0.07 -0.2021693239382487
0.47 0.08 -0.3151823677443639
0.47 0.09 -0.4214846487721591
0.47 0.1 -0.5217710551033788
0.47 0.11 -0.6165659858870329
0.47 0.12 -0.7062656975972713
0.47 0.13 -0.7911651292533164
0.47 0.14 -0.8714747862635427
0.47 0.15 -0.9473306538219963
0.47 0.16 -1.0187986160999856
0.47 0.17 -1.0858738334187954
0.47 0.18 -1.148474602413688
0.47 0.19 -1.2064290554103287
0.47 0.2 -1.2594511257584518
0.47 0.21 -1.3070983941245906
0.47 0.22 -1.348695800492216
0.47 0.23 -1.3831867209503452
0.47 0.24 -1.408802598996659
0.47 0.25 -1.4221514402026387
0.47 0.26 -1.414219143793472
0.48 0.01 0.7171306944232052
0.48 0.02 0.514261157830372
0.48 0.03 0.34052544312769684
0.48 0.04 0.18543003875614128
0.48 0.05 0.0440409474236243
0.48 0.06 -0.08650743067905164
0.48 0.07 -0.20807316026196898
0.48 0.08 -0.32194414611907085
0.48 0.09 -0.4290518669568064
0.48 0.1 -0.5300878931103933
0.48 0.11 -0.6255722725452773
0.48 0.12 -0.7158956226892583
0.48 0.13 -0.8013456024876113
0.48 0.14 -0.8821232983216049
0.48 0.15 -0.95835242095552
0.48 0.16 -1.030082667503848
0.48 0.17 -1.0972874898084144
0.48 0.18 -1.159855413232048
0.48 0.19 -1.2175725332615743
0.48 0.2 -1.27009112203782
0.48 0.21 -1.3168736144005138
0.48 0.22 -1.3570875657926593
0.48 0.23 -1.3893884673648635
0.48 0.24 -1.4113905679621532
0.48 0.25 -1.4179223741242428
0.49 0.01 0.7168303566691687
0.49 0.02 0.5128412603337926
0.49 0.03 0.3380320804449124
0.49 0.04 0.18190917104165794
0.49 0.05 0.03953887684603152
0.49 0.06 -0.09194354495021018
0.49 0.07 -0.2143947284438159
0.49 0.08 -0.3291004907217381
0.49 0.09 -0.4369894501736985
0.49 0.1 -0.5387493860282329
0.49 0.11 -0.6348954076934016
0.49 0.12 -0.7258117475837673
0.49 0.13 -0.8117778150840832
0.49 0.14 -0.8929839872573916
0.49 0.15 -0.9695399389420968
0.49 0.16 -1.0414767065731039
0.49 0.17 -1.1087424455509196
0.49 0.18 -1.1711905023196691
0.49 0.19 -1.2285563949057596
0.49 0.2 -1.280416425386208
0.49 0.21 -1.3261119813972824
0.49 0.22 -1.3646010752486264
0.49 0.23 -1.3941283450191402
0.49 0.24 -1.4113138513330385
0.49 0.25 -1.4071546616606736
0.5 0.01 0.715976230418407
0.5 0.02 0.5108903206083567
0.5 0.03 0.33502983307017076
0.5 0.04 0.17790121803353842
0.5 0.05 0.03457140754292287
0.5 0.06 -0.09782321471411137
0.5 0.07 -0.2211375469467991
0.5 0.08 -0.3366549626841566
0.5 0.09 -0.4453007940153503
0.5 0.1 -0.5477585063146393
0.5 0.11 -0.6445376136517509
0.5 0.12 -0.7360151190499848
0.5 0.13 -0.8224610712365478
0.5 0.14 -0.9040536397491056
0.5 0.15 -0.9808863888163242
0.5 0.16 -1.0529687335811526
0.5 0.17 -1.1202191575244727
0.5 0.18 -1.1824490834682868
0.5 0.19 -1.2393324973414446
0.5 0.2 -1.2903507028366952
0.5 0.21 -1.334687871759484
0.5 0.22 -1.3710143250126263
0.5 0.23 -1.3969577287035067
0.5 0.24 -1.4073589015553585
0.51 0.01 0.7145676503965988
0.51 0.02 0.5084068870814706
0.51 0.03 0.33151657321119055
0.51 0.04 0.17340348978174547
0.51 0.05 0.029135409900700626
0.51 0.06 -0.10414987295511846
0.51 0.07 -0.22830519525812
0.51 0.08 -0.34461110166656883
0.51 0.09 -0.45398917049223475
0.51 0.1 -0.5571179722600084
0.51 0.11 -0.6545006867090657
0.51 0.12 -0.7465061256717419
0.51 0.13 -0.8333936954614077
0.51 0.14 -0.9153276061369304
0.51 0.15 -0.9923828484348929
0.51 0.16 -1.0645436404097344
0.51 0.17 -1.1316933998403496
0.51 0.18 -1.193593101199672
0.51 0.19 -1.24984090779528
0.51 0.2 -1.2997972448261053
0.51 0.21 -1.3424369344958162
0.51 0.22 -1.3760196673166583
0.51 0.23 -1.397179178305991
0.51 0.24 -1.3969251452320368
0.52 0.01 0.712603542845443
0.52 0.02 0.5053891505806146
0.52 0.03 0.3274898655472538
0.52 0.04 0.16841304012595604
0.52 0.05 0.023227553096022646
0.52 0.06 -0.11092709214837204
0.52 0.07 -0.23590131996767583
0.52 0.08 -0.3529724260488819
0.52 0.09 -0.46305771855750333
0.52 0.1 -0.5668302233627809
0.52 0.11 -0.6647859491821855
0.52 0.12 -0.7572844140948972
0.52 0.13 -0.8445728933359872
0.52 0.14 -0.9267995735420884
0.52 0.15 -1.0040179235106352
0.52 0.16 -1.07618260259316
0.52 0.17 -1.1431352340577847
0.52 0.18 -1.2045754077224213
0.52 0.19 -1.2600064572200256
0.52 0.2 -1.3086317854502894
0.52 0.21 -1.3491387458911883
0.52 0.22 -1.3791703142142417
0.52 0.23 -1.3935812816501758
0.53 0.01 0.7100824206125087
0.53 0.02 0.5018349364858824
0.53 0.03 0.3229469573628444
0.53 0.04 0.16292665586302202
0.53 0.05 0.016844294584809516
0.53 0.06 -0.11815859278676533
0.53 0.07 -0.24392963907068532
0.53 0.08 -0.36174242988456395
0.53 0.09 -0.4725094292272305
0.53 0.1 -0.5768973870069328
0.53 0.11 -0.6753941876545682
0.53 0.12 -0.7683487832825578
0.53 0.13 -0.8559945768346771
0.53 0.14 -0.9384612808082857
0.53 0.15 -1.0157772801290246
0.53 0.16 -1.0878622975577892
0.53 0.17 -1.1545076554561697
0.53 0.18 -1.2153372897304504
0.53 0.19 -1.2697338490513526
0.53 0.2 -1.316691609397929
0.53 0.21 -1.3544875509883716
0.53 0.22 -1.3797710165185257
0.53 0.23 -1.383566003475051
0.54 0.01 0.7070023763855905
0.54 0.02 0.4977416953990199
0.54 0.03 0.31788476759603346
0.54 0.04 0.15694084529782826
0.54 0.05 0.009981869574173796
0.54 0.06 -0.12584825110722786
0.54 0.07 -0.25239394430210593
0.54 0.08 -0.3709245761645008
0.54 0.09 -0.4823471244071498
0.54 0.1 -0.5873212348209882
0.54 0.11 -0.6863255745308334
0.54 0.12 -0.7796970517583116
0.54 0.13 -0.8676531453777734
0.54 0.14 -0.9503021591641456
0.54 0.15 -1.0276430484515127
0.54 0.16 -1.0995538889325331
0.54 0.17 -1.165764787023422
0.54 0.18 -1.2258050424874232
0.54 0.19 -1.2789005043771537
0.54 0.2 -1.3237582370767627
0.54 0.21 -1.3580388040780644
0.54 0.22 -1.3766129515012167
0.55 0.01 0.7033610739945115
0.55 0.02 0.49310649223016856
0.55 0.03 0.31229987469916276
0.55 0.04 0.15045182609581254
0.55 0.05 0.0026362804514531435
0.55 0.06 -0.13400010593276557
0.55 0.07 -0.26129810122587616
0.55 0.08 -0.3805222857847954
0.55 0.09 -0.49257342826565764
0.55 0.1 -0.5981031266199018
0.55 0.11 -0.6975795691930897
0.55 0.12 -0.7913258912683605
0.55 0.13 -0.8795412107975085
0.55 0.14 -0.9623088767950178
0.55 0.15 -1.0395930554468713
0.55 0.16 -1.1112216902488423
0.55 0.17 -1.1768494272370984
0.55 0.18 -1.235885103893788
0.55 0.19 -1.2873456994816752
0.55 0.2 -1.3295282032394753
0.55 0.21 -1.3590998928942752
0.55 0.22 -1.3671011272825155
0.56 0.01 0.6991557376807193
0.56 0.02 0.48792599358693267
0.56 0.03 0.3061885032006786
0.56 0.04 0.14345551235836118
0.56 0.05 -0.005196713834025424
0.56 0.06 -0.1426183644947625
0.56 0.07 -0.2706460466988685
0.56 0.08 -0.3905389214215593
0.56 0.09 -0.5031907296487323
0.56 0.1 -0.6092439392132509
0.56 0.11 -0.7091547939226908
0.56 0.12 -0.8032306182074829
0.56 0.13 -0.8916492504083393
0.56 0.14 -0.974464757390723
0.56 0.15 -1.0515998269820277
0.56 0.16 -1.12282138026423
0.56 0.17 -1.1876896498115972
0.56 0.18 -1.2454569306189591
0.56 0.19 -1.294853288468527
0.56 0.2 -1.3335596430835834
0.56 0.21 -1.3564650820758781
0.57 0.01 0.6943831392103164
0.57 0.02 0.48219645333164507
0.57 0.03 0.29954650884672096
0.57 0.04 0.13594750084549823
0.57 0.05 -0.013521608415265951
0.57 0.06 -0.15170740703671526
0.57 0.07 -0.280441783201134
0.57 0.08 -0.40097776527421336
0.57 0.09 -0.5142011335898555
0.57 0.1 -0.62074397655448
0.57 0.11 -0.7210488782538923
0.57 0.12 -0.8154049313073151
0.57 0.13 -0.9039651667375558
0.57 0.14 -0.9867490309716205
0.57 0.15 -1.0636292731715984
0.57 0.16 -1.1342975767205592
0.57 0.17 -1.1981939690424586
0.57 0.18 -1.2543621734566257
0.57 0.19 -1.301122527810782
0.57 0.2 -1.3351630725238333
0.57 0.21 -1.347542986447643
0.58 0.01 0.6890395826787412
0.58 0.02 0.47591369615129575
0.58 0.03 0.29236936218920484
0.58 0.04 0.12792305627439382
0.58 0.05 -0.022343163125367882
0.58 0.06 -0.16127178992160007
0.58 0.07 -0.29068936936196565
0.58 0.08 -0.4118419893294196
0.58 0.09 -0.5256063993921005
0.58 0.1 -0.6326028566351569
0.58 0.11 -0.7332582634030347
0.58 0.12 -0.827840580146413
0.58 0.13 -0.9164737244487227
0.58 0.14 -0.9991358579099613
0.58 0.15 -1.0756389299595615
0.58 0.16 -1.1455804676494767
0.58 0.17 -1.2082442540306964
0.58 0.18 -1.2623874461529414
0.58 0.19 -1.3057147188088507
0.58 0.2 -1.3331364008258242
0.58 0.21 -1.3199423102047623
0.59 0.01 0.6831208868245014
0.59 0.02 0.46907309896018623
0.59 0.03 0.2846521304736285
0.59 0.04 0.11937709562796184
0.59 0.05 -0.031666412996300686
0.59 0.06 -0.171316246865021
0.59 0.07 -0.30139290580383893
0.59 0.08 -0.42313461639652616
0.59 0.09 -0.537407862001493
0.59 0.1 -0.6448193690934654
0.59 0.11 -0.7457779556482207
0.59 0.12 -0.8405269435081778
0.59 0.13 -0.9291558233498913
0.59 0.14 -1.0115930407891944
0.59 0.15 -1.0875755646873964
0.59 0.16 -1.156581015060492
0.59 0.17 -1.217684950494914
0.59 0.18 -1.269235206566244
0.59 0.19 -1.3079440572865755
0.59 0.2 -1.3248924896341279
0.6 0.01 0.6766223646343721
0.6 0.02 0.4616695699273289
0.6 0.03 0.2763894576647039
0.6 0.04 0.11030417141625093
0.6 0.05 -0.04149667849496941
0.6 0.06 -0.18184568778770083
0.6 0.07 -0.31255651515765726
0.6 0.08 -0.4348584696395623
0.6 0.09 -0.5496063323819043
0.6 0.1 -0.6573912955605896
0.6 0.11 -0.7586012136924949
0.6 0.12 -0.8534504887122447
0.6 0.13 -0.9419875491505231
0.6 0.14 -1.0240802980212917
0.6 0.15 -1.099371845969097
0.6 0.16 -1.16718391584791
0.6 0.17 -1.226305906434906
0.6 0.18 -1.2744704687744164
0.6 0.19 -1.3066127321977343
0.61 0.01 0.66953879998236
0.61 0.02 0.453697524888371
0.61 0.03 0.26757554243110193
0.61 0.04 0.10069845384597331
0.61 0.05 -0.05183957528579941
0.61 0.06 -0.19286519461374696
0.61 0.07 -0.324184314751116
0.61 0.08 -0.44701610763425104
0.61 0.09 -0.5622019712437571
0.61 0.1 -0.6703151820965144
0.61 0.11 -0.7717191496327215
0.61 0.12 -0.8665940715612657
0.61 0.13 -0.9549389175594516
0.61 0.14 -1.0365469081874705
0.61 0.15 -1.1109415942648537
0.61 0.16 -1.1772368806413653
0.61 0.17 -1.2338133231438735
0.61 0.18 -1.2774117389468707
0.61 0.19 -1.2991385918349674
0.62 0.01 0.6618644209983647
0.62 0.02 0.44515086086452094
0.62 0.03 0.2582041138922908
0.62 0.04 0.09055371187213923
0.62 0.05 -0.06270102322040771
0.62 0.06 -0.2043800131216731
0.62 0.07 -0.33628038000720395
0.62 0.08 -0.4596097410459621
0.62 0.09 -0.5751941286293749
0.62 0.1 -0.6835860493470058
0.62 0.11 -0.7851202154123962
0.62 0.12 -0.8799360195193483
0.62 0.13 -0.9679721868576489
0.62 0.14 -1.0489284269816674
0.62 0.15 -1.1221728000092646
0.62 0.16 -1.1865335295047779
0.62 0.17 -1.2397765536745309
0.62 0.18 -1.276866221314714
0.63 0.01 0.6535928698083975
0.63 0.02 0.436022926367734
0.63 0.03 0.2482684049107634
0.63 0.04 0.07986329313329643
0.63 0.05 -0.07408725413664607
0.63 0.06 -0.2163955396642684
0.63 0.07 -0.34884869596927615
0.63 0.08 -0.4726411257623926
0.63 0.09 -0.5885811393076009
0.63 0.1 -0.6971970207989238
0.63 0.11 -0.7987895353549525
0.63 0.12 -0.893448914930461
0.63 0.13 -0.981039549472409
0.63 0.14 -1.061141995170502
0.63 0.15 -1.1329169726622244
0.63 0.16 -1.1947844294723153
0.63 0.17 -1.2435191462397537
0.63 0.18 -1.2702576192373836
0.64 0.01 0.6447171682247933
0.64 0.02 0.4263064881211043
0.64 0.03 0.23776112269234784
0.64 0.04 0.06862010281192688
0.64 0.05 -0.0860048178902777
0.64 0.06 -0.2289173011843092
0.64 0.07 -0.3618930935321346
0.64 0.08 -0.4861114255868807
0.64 0.09 -0.602360060366353
0.64 0.1 -0.7111388419687027
0.64 0.11 -0.8127080286117883
0.64 0.12 -0.9070979549738077
0.64 0.13 -0.9940799064562524
0.64 0.14 -1.0730794270709874
0.64 0.15 -1.1429721230807757
0.64 0.16 -1.20156400069231
0.64 0.17 -1.2438541851896032
0.65 0.01 0.6352296788899083
0.65 0.02 0.41599369376471584
0.65 0.03 0.22667441643646413
0.65 0.04 0.05681658151970348
0.65 0.05 -0.0984605858271057
0.65 0.06 -0.24195092642780824
0.65 0.07 -0.3754171658177148
0.65 0.08 -0.5000210352036475
0.65 0.09 -0.616526332338655
0.65 0.1 -0.725399252340292
0.65 0.11 -0.8268512398983301
0.65 0.12 -0.9208387009084943
0.65 0.13 -1.0070142459314402
0.65 0.14 -1.0845966464093655
0.65 0.15 -1.1520539088679302
0.65 0.16 -1.2062016949698182
0.65 0.17 -1.2382122632097567
0.66 0.01 0.6251220612876578
0.66 0.02 0.4050760300485
0.66 0.03 0.2149998417583503
0.66 0.04 0.044444682391080015
0.66 0.05 -0.11146175060933228
0.66 0.06 -0.2555021055405756
0.66 0.07 -0.38942415856150303
0.66 0.08 -0.5143693507635427
0.66 0.09 -0.6310733379182264
0.66 0.1 -0.7399621554533169
0.66 0.11 -0.8411877572423632
0.66 0.12 -0.9346139231594508
0.66 0.13 -1.0197388184981027
0.66 0.14 -1.095496776628293
0.66 0.15 -1.1597426757809703
0.66 0.16 -1.207517507997911
0.67 0.01 0.6143852219306726
0.67 0.02 0.3935442759330757
0.67 0.03 0.2027283215883382
0.67 0.04 0.031495847689269496
0.67 0.05 -0.1250158209055372
0.67 0.06 -0.26957653424825234
0.67 0.07 -0.4039168261822095
0.67 0.08 -0.5291544706484337
0.67 0.09 -0.6459918216488013
0.67 0.1 -0.7548065075433412
0.67 0.11 -0.8556770319469591
0.67 0.12 -0.9483490668036128
0.67 0.13 -1.032114681139654
0.67 0.14 -1.1055014216112888
0.67 0.15 -1.165374807639518
0.67 0.16 -1.2029501709516843
0.68 0.01 0.6030092579025291
0.68 0.02 0.38138844992478615
0.68 0.03 0.18985010324234564
0.68 0.04 0.01796098540195079
0.68 0.05 -0.13913060889278794
0.68 0.06 -0.28417983744836683
0.68 0.07 -0.4188972421070807
0.68 0.08 -0.5443728020393771
0.68 0.09 -0.6612691180176944
0.68 0.1 -0.7699048061096694
0.68 0.11 -0.8702663108192759
0.68 0.12 -0.961945535125835
0.68 0.13 -1.0439509230068102
0.68 0.14 -1.1141978785577555
0.68 0.15 -1.1677784580536172
0.69 0.01 0.5909833927792055
0.69 0.02 0.3685977508596816
0.69 0.03 0.17635471135771918
0.69 0.04 0.003830446553538591
0.69 0.05 -0.15381420773451526
0.69 0.06 -0.29931746511177315
0.69 0.07 -0.43436654748106784
0.69 0.08 -0.5600185387035443
0.69 0.09 -0.6768881110077394
0.69 0.1 -0.7852209971133502
0.69 0.11 -0.8848862098967215
0.69 0.12 -0.9752703690933386
0.69 0.13 -1.0549761177009562
0.69 0.14 -1.120930707480034
0.69 0.15 -1.1644020266534219
0.7 0.01 0.578295903764702
0.7 0.02 0.3551604912197506
0.7 0.03 0.16223089640707078
0.7 0.04 -0.010905995678884284
0.7 0.05 -0.16907495508845116
0.7 0.06 -0.3149945506368623
0.7 0.07 -0.45032461591672623
0.7 0.08 -0.5760829600835797
0.7 0.09 -0.692825809984274
0.7 0.1 -0.8007075155300729
0.7 0.11 -0.8994441336560179
0.7 0.12 -0.9881396447827666
0.7 0.13 -1.0647857558222744
0.7 0.14 -1.1245377476512857
0.7 0.15 -1.1429011890285867
0.71 0.01 0.564934038643909
0.71 0.02 0.3410640219100459
0.71 0.03 0.14746657855173706
0.71 0.04 -0.02625916343618251
0.71 0.05 -0.18492137711382406
0.71 0.06 -0.3312157178173132
0.71 0.07 -0.4667696023537846
0.71 0.08 -0.5925534782455801
0.71 0.09 -0.7090513652941098
0.71 0.1 -0.816300994806342
0.71 0.11 -0.9138141262075427
0.71 0.12 -1.0002901454135147
0.71 0.13 -1.0727340992634553
0.71 0.14 -1.1224789681718303
0.72 0.01 0.5508839208698175
0.72 0.02 0.3262946472433932
0.72 0.03 0.13204878669466147
0.72 0.04 -0.04224048586116802
0.72 0.05 -0.20136210515445963
0.72 0.06 -0.3479848167349451
0.72 0.07 -0.48369732961485834
0.72 0.08 -0.6094123222373531
0.72 0.09 -0.7255232446187381
0.72 0.1 -0.8319158578587421
0.72 0.11 -0.9278204885426551
0.72 0.12 -1.0113270787628177
0.72 0.13 -1.07767057206453
0.73 0.01 0.5361304407471067
0.73 0.02 0.3108375286664051
0.73 0.03 0.11596359276931179
0.73 0.04 -0.05886200149908927
0.73 0.05 -0.21840575391388573
0.73 0.06 -0.36530456015004353
0.73 0.07 -0.5011004438890974
0.73 0.08 -0.6266346895520959
0.73 0.09 -0.7421851142851128
0.73 0.1 -0.8474343881529527
0.73 0.11 -0.9412097354983889
0.73 0.12 -1.0206163059308229
0.73 0.13 -1.077069110969633
0.74 0.01 0.5206571302303391
0.74 0.02 0.29467657551281734
0.74 0.03 0.09919604160331796
0.74 0.04 -0.07613634624716015
0.74 0.05 -0.23606074493801832
0.74 0.06 -0.38317601865181694
0.74 0.07 -0.518967235014238
0.74 0.08 -0.6441860943952902
0.74 0.09 -0.7589596502086594
0.74 0.1 -0.8626906319415114
0.74 0.11 -0.9535986877029774
0.74 0.12 -1.0270212322449166
0.75 0.01 0.5044460182961801
0.75 0.02 0.27779432078580013
0.75 0.03 0.08173007719730219
0.75 0.04 -0.09407671917374616
0.75 0.05 -0.2543350516544751
0.75 0.06 -0.401597912120083
0.75 0.07 -0.5372799599082059
0.75 0.08 -0.6620184689934698
0.75 0.09 -0.7757388940169754
0.75 0.1 -0.8774427298131899
0.75 0.11 -0.9643672004446597
0.75 0.12 -1.0280328375075833
0.76 0.01 0.4874774631402523
0.76 0.02 0.260171779651039
0.76 0.03 0.06354846708139872
0.76 0.04 -0.112696814699909
0.76 0.05 -0.2732358305509476
0.76 0.06 -0.4205656020251207
0.76 0.07 -0.5560124108838779
0.76 0.08 -0.6800642596317943
0.76 0.09 -0.7923685299221511
0.76 0.1 -0.8913215087921282
0.76 0.11 -0.97239573431699
0.77 0.01 0.4697299565429832
0.77 0.02 0.24178828797570562
0.77 0.03 0.04463272775129723
0.77 0.04 -0.13201070371255064
0.77 0.05 -0.2927688847005966
0.77 0.06 -0.44006963495305174
0.77 0.07 -0.5751263020983212
0.77 0.08 -0.6982271574582124
0.77 0.09 -0.8086207164696648
0.77 0.1 -0.9037238909935329
0.77 0.11 -0.9751963282082508
0.78 0.01 0.45117989458051255
0.78 0.02 0.22262131789789497
0.78 0.03 0.024963056370557624
0.78 0.04 -0.15203263684879753
0.78 0.05 -0.31293787619798896
0.78 0.06 -0.4600935961033791
0.78 0.07 -0.5945657403131394
0.78 0.08 -0.7163668755976154
0.78 0.09 -0.8241433584667164
0.78 0.1 -0.913551407052848
0.79 0.01 0.4318013073375577
0.79 0.02 0.2026462671075031
0.79 0.03 0.004518277512427504
0.79 0.04 -0.1727767281965149
0.79 0.05 -0.3337431549062889
0.79 0.06 -0.4806108705000295
0.79 0.07 -0.6142484559794985
0.79 0.08 -0.7342726607689563
0.79 0.09 -0.8383544584608197
0.79 0.1 -0.9183425072497144
0.8 0.01 0.41156553828563747
0.8 0.02 0.18183621836745578
0.8 0.03 -0.016724180335707106
0.8 0.04 -0.19425645298809602
0.8 0.05 -0.35517998675264273
0.8 0.06 -0.5015796140686076
0.8 0.07 -0.6340512602565479
0.8 0.08 -0.751613508072526
0.8 0.09 -0.8501819683395602
0.81 0.01 0.39044086134953715
0.81 0.02 0.16016166601103743
0.81 0.03 -0.038788253764013625
0.81 0.04 -0.2164838511788233
0.81 0.05 -0.3772358152894543
0.81 0.06 -0.5229346646590145
0.81 0.07 -0.6537844995208077
0.81 0.08 -0.7678338506724555
0.81 0.09 -0.857198051282651
0.82 0.01 0.36839202015321315
0.82 0.02 0.13759020712432501
0.82 0.03 -0.061699116996010606
0.82 0.04 -0.2394682561233269
0.82 0.05 -0.3998859127400689
0.82 0.06 -0.5445739419869706
0.82 0.07 -0.673143608388192
0.82 0.08 -0.7818953622554087
0.82 0.09 -0.8472144573283562
0.83 0.01 0.34537966916653384
0.83 0.02 0.1140861976639197
0.83 0.03 -0.08548288587657038
0.83 0.04 -0.263214236133857
0.83 0.05 -0.4230862339730655
0.83 0.06 -0.566334240406728
0.83 0.07 -0.6916067502840171
0.83 0.08 -0.7914141534894368
0.84 0.01 0.321359689970654
0.84 0.02 0.08961037946502182
0.84 0.03 -0.11016602657186148
0.84 0.04 -0.28771818850413067
0.84 0.05 -0.44676115473358896
0.84 0.06 -0.5879447328470773
0.84 0.07 -0.7081795544349763
0.84 0.08 -0.7842607288765875
0.85 0.01 0.2962823469150285
0.85 0.02 0.06411949620535501
0.85 0.03 -0.13577424013036976
0.85 0.04 -0.31296253179801287
0.85 0.05 -0.4707812153546294
0.85 0.06 -0.6089275459392272
0.85 0.07 -0.7205368936387703
0.86 0.01 0.270091234054579
0.86 0.02 0.03756594167964156
0.86 0.03 -0.1623303948439735
0.86 0.04 -0.3389053950422638
0.86 0.05 -0.4949195592737482
0.86 0.06 -0.6283470783423966
0.87 0.01 0.2427219480668001
0.87 0.02 0.009897536880113245
0.87 0.03 -0.18985066951927332
0.87 0.04 -0.36546129603976407
0.87 0.05 -0.5187570895157989
0.87 0.06 -0.6439592589032268
0.88 0.01 0.2141003981480033
0.88 0.02 -0.01894235336697092
0.88 0.03 -0.21833717729204677
0.88 0.04 -0.3924621612608462
0.88 0.05 -0.541439267428067
0.89 0.01 0.18414063207301995
0.89 0.02 -0.049013898312767756
0.89 0.03 -0.2477632253334846
0.89 0.04 -0.41956996275396985
0.89 0.05 -0.5608382792469256
0.9 0.01 0.15274201817444355
0.9 0.02 -0.08037800651047433
0.9 0.03 -0.2780418151866352
0.9 0.04 -0.44604642530526223
0.91 0.01 0.11978558600501105
0.91 0.02 -0.11308906598268342
0.91 0.03 -0.3089511881174858
0.91 0.04 -0.4699390842599991
0.92 0.01 0.08512934063691546
0.92 0.02 -0.14717635301317894
0.92 0.03 -0.3399284235442743
0.93 0.01 0.048602614025133495
0.93 0.02 -0.18259346878175364
0.93 0.03 -0.36930397674123183
0.94 0.01 0.010000764918836114
0.94 0.02 -0.2190604176888408
0.94 0.03 -0.38610612264580274
0.95 0.01 -0.0309127376809733
0.95 0.02 -0.25540987216158495
0.96 0.01 -0.07436011995985645
0.96 0.02 -0.28170329308118974
0.97 0.01 -0.12020724472686915
0.98 0.01 -0.16129481329181974